6	103.87334	1.30484	00:05:7d:68:47:80
6	103.87334	1.30484	00:05:7d:68:48:20
6	103.87431	1.3056	00:0f:7d:20:00:6a
6	103.87443	1.30343	00:0f:7d:20:0e:5a
6	103.87542	1.30423	00:0f:7d:20:0f:8b
6	103.87385	1.30542	00:0f:7d:20:0f:f9
6	103.8736	1.30521	00:0f:7d:20:11:ea
6	103.87489	1.30362	00:0f:7d:20:11:f9
6	103.87334	1.30484	00:0f:7d:20:12:8a
6	103.87513	1.3038	00:0f:7d:20:13:57
6	103.87431	1.3056	00:0f:7d:64:c8:00
6	103.87431	1.3056	00:0f:7d:64:c8:40
6	103.87431	1.3056	00:0f:7d:64:c8:80
6	103.87431	1.3056	00:0f:7d:64:ef:00
6	103.87443	1.30343	00:0f:7d:67:9b:80
6	103.87443	1.30343	00:0f:7d:67:9c:00
6	103.87542	1.30423	00:0f:7d:67:d8:60
6	103.87542	1.30423	00:0f:7d:67:d8:80
6	103.87385	1.30542	00:0f:7d:67:ef:00
6	103.87334	1.30484	00:0f:7d:68:47:80
6	103.87334	1.30484	00:0f:7d:68:48:20
6	103.87489	1.30362	00:0f:7d:68:4a:a0
6	103.87489	1.30362	00:0f:7d:68:4a:c0
6	103.87489	1.30362	00:0f:7d:68:4b:20
6	103.8736	1.30521	00:0f:7d:68:67:00
6	103.8736	1.30521	00:0f:7d:68:67:80
6	103.87513	1.3038	00:0f:7d:68:90:80
6	103.87513	1.3038	00:0f:7d:68:91:00
4	103.87522	1.30535	50:60:28:00:7a:ea
4	103.87402	1.30345	50:60:28:00:7b:03
4	103.87324	1.30441	50:60:28:00:7b:09
4	103.875	1.3055	50:60:28:00:7b:5a
3	103.87375	1.30355	50:60:28:00:7b:f9
4	103.87547	1.30491	50:60:28:00:7c:97
3	103.87321	1.30402	50:60:28:00:83:4e
3	103.87367	1.30348	50:60:28:00:83:51
3	103.87332	1.30409	50:60:28:00:95:98
4	103.87537	1.30516	50:60:28:00:95:9b
5	103.87453	1.30355	50:60:28:02:72:a8
5	103.87467	1.30364	50:60:28:02:72:ae
5	103.87507	1.30394	50:60:28:02:72:da
5	103.87446	1.3035	50:60:28:02:73:0a
5	103.87432	1.30346	50:60:28:02:73:0c
5	103.87425	1.30346	50:60:28:02:73:14
5	103.87545	1.30455	50:60:28:02:73:18
5	103.87418	1.30346	50:60:28:02:73:1a
5	103.87478	1.3036	50:60:28:02:73:1e
3	103.87426	1.30549	50:60:28:02:73:e8
3	103.87513	1.30358	50:60:28:02:73:f2
4	103.87467	1.30369	50:60:28:02:73:f6
3	103.87505	1.30366	50:60:28:02:74:a6
4	103.87384	1.30518	50:60:28:02:74:b4
4	103.87432	1.30549	50:60:28:02:74:bc
4	103.87443	1.30355	50:60:28:02:75:00
5	103.87459	1.30361	50:60:28:02:76:82
5	103.87517	1.30406	50:60:28:02:76:84
5	103.87501	1.30389	50:60:28:02:76:8a
5	103.87412	1.30346	50:60:28:02:76:8e
5	103.87514	1.30388	50:60:28:02:76:90
5	103.87439	1.30349	50:60:28:02:76:92
5	103.87406	1.30344	50:60:28:02:76:a2
5	103.87444	1.30343	50:60:28:02:77:06
5	103.87475	1.30368	50:60:28:02:77:5a
5	103.8748	1.30373	50:60:28:02:77:5c
5	103.87539	1.30436	50:60:28:02:77:6a
5	103.87513	1.30399	50:60:28:02:77:72
3	103.87344	1.30375	50:60:28:02:78:52
5	103.87528	1.30416	50:60:28:02:ac:d2
5	103.87538	1.30417	50:60:28:02:ac:d6
5	103.87543	1.30451	50:60:28:02:ac:e0
5	103.87533	1.30424	50:60:28:02:ac:f8
4	103.8736	1.30519	50:60:28:02:c1:26
4	103.87463	1.30552	50:60:28:02:e0:96
4	103.87334	1.30449	50:60:28:02:e0:a2
4	103.87543	1.3048	50:60:28:02:e1:54
3	103.87376	1.3051	50:60:28:02:e1:b6
3	103.87326	1.30439	50:60:28:02:e1:be
5	103.87331	1.30489	50:60:28:02:e1:c4
3	103.87533	1.30515	50:60:28:02:e1:c8
4	103.87329	1.30467	50:60:28:02:e1:d2
3	103.87487	1.30552	50:60:28:02:e1:d6
3	103.87516	1.30535	50:60:28:02:e1:d8
5	103.8734	1.30491	50:60:28:02:e1:da
5	103.87354	1.30518	50:60:28:02:e1:e2
5	103.87328	1.30469	50:60:28:02:e1:e4
5	103.87367	1.30517	50:60:28:02:e1:ea
3	103.87556	1.30425	50:60:28:02:e1:ec
3	103.87403	1.30533	50:60:28:02:e1:f0
3	103.8732	1.30478	50:60:28:02:e1:f2
5	103.87393	1.30538	50:60:28:02:e1:f8
5	103.87344	1.30493	50:60:28:02:e1:fa
5	103.8733	1.30475	50:60:28:02:e2:12
3	103.87366	1.30501	50:60:28:02:e2:14
4	103.87469	1.30555	50:60:28:02:e2:72
4	103.87547	1.30437	50:60:28:02:e2:76
4	103.87428	1.30343	50:60:28:02:e2:78
4	103.87407	1.30536	50:60:28:02:e2:7a
5	103.87437	1.30559	50:60:28:02:e2:84
2	103.87402	1.30536	50:60:28:02:e2:9c
4	103.87514	1.30386	50:60:28:02:e2:e6
4	103.87513	1.30406	50:60:28:02:e2:ea
2	103.87358	1.30548	50:60:28:02:e2:ec
3	103.87385	1.30499	50:60:28:02:e2:f2
2	103.87352	1.30522	50:60:28:02:e3:00
4	103.87532	1.30426	50:60:28:02:e3:14
4	103.87331	1.3045	50:60:28:02:e3:22
5	103.87408	1.30545	50:60:28:02:e3:8e
5	103.87414	1.30549	50:60:28:02:e3:b8
5	103.87537	1.3043	50:60:28:02:e3:c0
5	103.87443	1.3056	50:60:28:02:e3:d6
5	103.87355	1.30507	50:60:28:02:e4:14
3	103.87499	1.30389	50:60:28:02:e4:2a
3	103.87314	1.30438	50:60:28:02:e4:2c
3	103.87439	1.30329	50:60:28:02:e4:30
3	103.87496	1.30426	50:60:28:02:e4:3c
3	103.87478	1.30339	50:60:28:02:e4:58
3	103.87475	1.30569	50:60:28:02:e4:5a
3	103.87508	1.30554	50:60:28:02:e4:6c
3	103.87445	1.30556	50:60:28:02:e4:72
4	103.87545	1.3046	50:60:28:02:e4:74
3	103.87548	1.30467	50:60:28:02:e4:76
2	103.87358	1.30506	50:60:28:02:e5:02
3	103.87472	1.30368	50:60:28:02:e5:10
3	103.874	1.30346	50:60:28:02:e5:1a
4	103.87446	1.30561	50:60:28:02:e5:1e
4	103.87501	1.30373	50:60:28:02:e5:22
3	103.87371	1.30532	50:60:28:02:e5:28
5	103.87427	1.30558	50:60:28:02:e5:30
5	103.87389	1.30546	50:60:28:02:e5:34
3	103.87559	1.30464	50:60:28:02:e5:36
5	103.87387	1.30534	50:60:28:02:e5:3a
3	103.87534	1.30532	50:60:28:02:e5:3c
5	103.874	1.30542	50:60:28:02:e5:3e
5	103.87418	1.30552	50:60:28:02:e5:42
3	103.87366	1.30539	50:60:28:02:e5:44
3	103.87398	1.3056	50:60:28:02:e5:4a
5	103.87542	1.30442	50:60:28:02:e5:50
3	103.87336	1.30513	50:60:28:02:e5:5c
3	103.87544	1.30491	50:60:28:02:e5:5e
3	103.87539	1.30388	50:60:28:02:e5:60
3	103.87401	1.30333	50:60:28:02:e5:66
3	103.87333	1.30464	50:60:28:02:e5:68
5	103.87523	1.30411	50:60:28:02:e5:78
4	103.87343	1.30478	50:60:28:02:e5:7c
3	103.8739	1.30525	50:60:28:02:e5:80
5	103.87362	1.30513	50:60:28:02:e5:82
5	103.87334	1.30482	50:60:28:02:e5:84
3	103.87486	1.30378	50:60:28:02:e5:de
5	103.8735	1.305	50:60:28:02:e5:e8
3	103.87554	1.305	50:60:28:02:e5:ec
3	103.87449	1.30354	50:60:28:02:e5:ee
3	103.87529	1.3042	50:60:28:02:e5:f2
3	103.8743	1.30347	50:60:28:02:e5:f8
3	103.87511	1.304	50:60:28:02:e5:fe
4	103.87463	1.30549	50:60:28:02:e6:10
3	103.87351	1.30417	50:60:28:02:e6:20
2	103.87371	1.30532	50:60:28:02:e6:42
5	103.87422	1.30555	50:60:28:02:e6:be
3	103.87541	1.30438	50:60:28:02:e7:06
3	103.87346	1.30483	50:60:28:02:e7:0a
3	103.87433	1.30569	50:60:28:02:e7:14
5	103.87423	1.30562	50:60:28:02:e7:1a
3	103.87471	1.30557	50:60:28:02:e7:94
4	103.87485	1.30364	50:60:28:02:e7:9c
4	103.87489	1.30386	50:60:28:02:e7:be
1	103.87367	1.30537	50:60:28:02:e7:ce
4	103.87385	1.30517	50:60:28:02:f4:bc
3	103.87404	1.30515	50:60:28:02:f9:a4
3	103.87504	1.30485	50:60:28:02:f9:a6
3	103.87423	1.30512	50:60:28:02:f9:a8
4	103.87452	1.30553	50:60:28:02:f9:b8
3	103.87481	1.30427	50:60:28:02:f9:c0
3	103.87512	1.30491	50:60:28:02:f9:c2
3	103.87506	1.30493	50:60:28:02:f9:c4
3	103.87505	1.30478	50:60:28:02:f9:c8
3	103.87489	1.30418	50:60:28:02:f9:ca
4	103.87533	1.30456	50:60:28:03:03:76
3	103.87488	1.30512	50:60:28:03:36:e8
4	103.87472	1.3038	50:60:28:03:3a:f0
4	103.87396	1.30355	50:60:28:03:50:8c
3	103.87484	1.30517	50:60:28:03:51:a8
4	103.87538	1.30468	50:60:28:03:51:ba
3	103.87438	1.30528	50:60:28:03:51:ca
4	103.87516	1.30525	50:60:28:03:51:d0
4	103.87523	1.30513	50:60:28:03:52:2c
3	103.87363	1.30436	50:60:28:03:52:30
3	103.87366	1.3047	50:60:28:03:52:32
3	103.87429	1.30385	50:60:28:03:52:34
4	103.87393	1.30523	50:60:28:03:52:36
4	103.87338	1.30461	50:60:28:03:52:38
3	103.8739	1.3038	50:60:28:03:52:3a
3	103.87414	1.305	50:60:28:03:52:3c
4	103.87436	1.30362	50:60:28:03:52:3e
4	103.87397	1.30524	50:60:28:03:52:40
3	103.87362	1.30412	50:60:28:03:52:42
4	103.87367	1.305	50:60:28:03:52:44
3	103.87357	1.30454	50:60:28:03:52:46
3	103.87392	1.30384	50:60:28:03:52:7e
3	103.87415	1.30377	50:60:28:03:52:82
3	103.87448	1.30395	50:60:28:03:52:b4
3	103.87474	1.30414	50:60:28:03:53:18
4	103.87409	1.30528	50:60:28:03:53:70
3	103.87435	1.30513	50:60:28:03:53:7e
3	103.87463	1.30531	50:60:28:03:53:80
4	103.87488	1.30392	50:60:28:03:53:88
3	103.87354	1.30427	50:60:28:03:53:8a
3	103.87517	1.30447	50:60:28:03:53:8e
4	103.87538	1.30479	50:60:28:03:53:f0
4	103.87536	1.30455	50:60:28:03:53:f2
3	103.87469	1.30523	50:60:28:03:53:f4
3	103.87419	1.30518	50:60:28:03:53:f6
3	103.87486	1.30521	50:60:28:03:53:f8
4	103.87416	1.30357	50:60:28:03:53:fa
4	103.87492	1.30397	50:60:28:03:53:fc
3	103.87514	1.30461	50:60:28:03:53:fe
3	103.87503	1.30454	50:60:28:03:54:00
3	103.87406	1.30513	50:60:28:03:54:02
4	103.87544	1.30468	50:60:28:03:54:04
3	103.8751	1.3047	50:60:28:03:54:06
4	103.87525	1.30515	50:60:28:03:54:08
3	103.87488	1.30525	50:60:28:03:54:0a
4	103.8745	1.30368	50:60:28:03:54:0c
4	103.87461	1.30375	50:60:28:03:54:0e
3	103.8751	1.30496	50:60:28:03:54:10
3	103.87427	1.30529	50:60:28:03:54:12
3	103.87382	1.30487	50:60:28:03:54:14
3	103.87475	1.30516	50:60:28:03:54:16
4	103.87333	1.30439	50:60:28:03:54:18
4	103.87335	1.30462	50:60:28:03:54:1a
3	103.8751	1.30462	50:60:28:03:54:1c
3	103.87416	1.30523	50:60:28:03:54:1e
3	103.87462	1.30536	50:60:28:03:54:20
3	103.87471	1.30527	50:60:28:03:54:22
3	103.87468	1.30519	50:60:28:03:54:24
4	103.87379	1.30506	50:60:28:03:54:26
4	103.87452	1.30366	50:60:28:03:54:28
3	103.87427	1.30523	50:60:28:03:54:2a
4	103.8733	1.30438	50:60:28:03:54:2c
3	103.8743	1.30516	50:60:28:03:54:2e
4	103.8748	1.30555	50:60:28:03:54:30
3	103.87509	1.30486	50:60:28:03:54:32
3	103.87442	1.30517	50:60:28:03:54:34
3	103.8743	1.30522	50:60:28:03:54:36
3	103.87426	1.30508	50:60:28:03:54:38
3	103.87478	1.30409	50:60:28:03:54:3a
3	103.875	1.3044	50:60:28:03:54:42
4	103.87532	1.30502	50:60:28:03:54:44
3	103.87488	1.30509	50:60:28:03:54:46
3	103.87519	1.30459	50:60:28:03:54:4c
3	103.87364	1.30443	50:60:28:03:54:66
4	103.87427	1.30546	50:60:28:03:54:90
3	103.87393	1.3049	50:60:28:03:54:94
3	103.87363	1.30427	50:60:28:03:54:a2
3	103.87444	1.30379	50:60:28:03:54:ca
3	103.87432	1.30378	50:60:28:03:54:e4
3	103.874	1.30387	50:60:28:03:55:14
3	103.87453	1.30387	50:60:28:03:55:36
3	103.87363	1.30471	50:60:28:03:55:3e
4	103.87396	1.30359	50:60:28:03:55:42
4	103.87513	1.30412	50:60:28:03:55:44
4	103.87352	1.30483	50:60:28:03:55:46
3	103.87438	1.30389	50:60:28:03:55:48
3	103.87491	1.30417	50:60:28:03:55:4a
4	103.87365	1.30502	50:60:28:03:55:4c
4	103.87485	1.30387	50:60:28:03:55:4e
4	103.87431	1.30544	50:60:28:03:55:50
4	103.87537	1.30503	50:60:28:03:55:52
3	103.87351	1.30407	50:60:28:03:55:54
3	103.8749	1.30513	50:60:28:03:55:56
3	103.87472	1.30532	50:60:28:03:55:58
4	103.87473	1.30379	50:60:28:03:55:5a
3	103.87379	1.30471	50:60:28:03:55:5c
3	103.8736	1.3042	50:60:28:03:55:5e
4	103.87502	1.30407	50:60:28:03:55:60
3	103.87355	1.30418	50:60:28:03:55:62
4	103.8753	1.30446	50:60:28:03:55:64
3	103.87389	1.30494	50:60:28:03:55:66
4	103.8753	1.305	50:60:28:03:55:68
4	103.87429	1.30356	50:60:28:03:55:6a
4	103.87452	1.30549	50:60:28:03:55:6c
4	103.87343	1.30471	50:60:28:03:55:6e
3	103.87358	1.30427	50:60:28:03:55:70
4	103.87494	1.30395	50:60:28:03:55:72
3	103.87499	1.30422	50:60:28:03:55:74
3	103.87506	1.3047	50:60:28:03:55:76
3	103.87515	1.30496	50:60:28:03:55:78
3	103.87409	1.30497	50:60:28:03:55:7a
3	103.87386	1.30392	50:60:28:03:55:7c
3	103.87485	1.30527	50:60:28:03:55:7e
4	103.87407	1.30354	50:60:28:03:55:80
3	103.87517	1.30454	50:60:28:03:55:82
3	103.87418	1.30521	50:60:28:03:55:84
3	103.87416	1.3037	50:60:28:03:55:86
4	103.87503	1.30544	50:60:28:03:55:88
4	103.8734	1.30472	50:60:28:03:55:8a
4	103.87356	1.30492	50:60:28:03:55:8c
3	103.87507	1.30453	50:60:28:03:55:8e
3	103.87366	1.30405	50:60:28:03:55:90
4	103.87417	1.30541	50:60:28:03:55:92
3	103.87398	1.30507	50:60:28:03:55:94
3	103.87354	1.30438	50:60:28:03:55:96
3	103.8742	1.30505	50:60:28:03:55:98
3	103.87382	1.30384	50:60:28:03:55:9a
3	103.87348	1.30449	50:60:28:03:55:9c
3	103.87445	1.30398	50:60:28:03:55:9e
4	103.87463	1.30372	50:60:28:03:55:a2
4	103.87428	1.30359	50:60:28:03:55:a4
3	103.87462	1.30524	50:60:28:03:55:a6
3	103.8737	1.30408	50:60:28:03:55:a8
3	103.87376	1.30401	50:60:28:03:55:aa
3	103.8751	1.30478	50:60:28:03:55:ae
3	103.87442	1.30381	50:60:28:03:55:b0
4	103.87439	1.30551	50:60:28:03:55:b2
3	103.87421	1.30516	50:60:28:03:55:b4
3	103.87358	1.30438	50:60:28:03:55:b6
3	103.87397	1.30377	50:60:28:03:55:b8
3	103.87349	1.30438	50:60:28:03:55:ba
4	103.87471	1.30381	50:60:28:03:55:bc
4	103.87509	1.30529	50:60:28:03:55:be
4	103.87409	1.30532	50:60:28:03:55:fa
3	103.87355	1.30447	50:60:28:03:55:fe
3	103.87351	1.30449	50:60:28:03:56:12
3	103.87463	1.30411	50:60:28:03:56:2c
3	103.87455	1.304	50:60:28:03:56:5c
3	103.87435	1.30393	50:60:28:03:56:5e
4	103.8744	1.30547	50:60:28:03:56:60
3	103.87358	1.30399	50:60:28:03:56:64
3	103.87493	1.30516	50:60:28:03:56:68
3	103.87358	1.3041	50:60:28:03:56:6a
3	103.87517	1.30479	50:60:28:03:56:6c
3	103.87481	1.30514	50:60:28:03:56:70
4	103.87407	1.30534	50:60:28:03:56:76
4	103.87532	1.30492	50:60:28:03:56:78
4	103.87512	1.30538	50:60:28:03:56:7a
4	103.87508	1.30534	50:60:28:03:56:7c
3	103.87476	1.30521	50:60:28:03:56:7e
3	103.87492	1.30415	50:60:28:03:56:80
3	103.87491	1.30431	50:60:28:03:56:82
3	103.87482	1.30531	50:60:28:03:56:84
4	103.87498	1.30537	50:60:28:03:56:86
4	103.87517	1.30422	50:60:28:03:56:88
4	103.87491	1.30551	50:60:28:03:56:8a
3	103.87467	1.30533	50:60:28:03:56:8e
3	103.87435	1.30382	50:60:28:03:56:90
3	103.87363	1.30471	50:60:28:03:56:92
3	103.87481	1.30405	50:60:28:03:56:94
3	103.87408	1.30509	50:60:28:03:56:b0
4	103.87359	1.3049	50:60:28:03:56:dc
3	103.87347	1.30426	50:60:28:03:56:de
4	103.87348	1.30483	50:60:28:03:56:e0
3	103.87441	1.30383	50:60:28:03:56:e2
3	103.87457	1.30529	50:60:28:03:56:e4
4	103.87477	1.30549	50:60:28:03:56:e6
4	103.87394	1.30522	50:60:28:03:56:e8
3	103.87364	1.3042	50:60:28:03:56:ea
3	103.87481	1.30414	50:60:28:03:56:ec
4	103.87379	1.30509	50:60:28:03:56:ee
3	103.87481	1.30408	50:60:28:03:56:f0
3	103.87371	1.30469	50:60:28:03:56:f2
4	103.875	1.3054	50:60:28:03:56:f4
3	103.87369	1.30467	50:60:28:03:56:f6
3	103.87388	1.30496	50:60:28:03:56:f8
3	103.87478	1.30525	50:60:28:03:56:fa
3	103.87456	1.30534	50:60:28:03:57:0e
3	103.87426	1.30525	50:60:28:03:57:12
4	103.87544	1.3048	50:60:28:03:57:14
4	103.87387	1.30517	50:60:28:03:57:16
3	103.87462	1.3039	50:60:28:03:57:18
3	103.87506	1.30434	50:60:28:03:57:1a
3	103.87488	1.3042	50:60:28:03:57:1c
3	103.87372	1.30477	50:60:28:03:57:1e
4	103.87395	1.30519	50:60:28:03:57:4c
3	103.87359	1.30445	50:60:28:03:57:50
3	103.87436	1.30533	50:60:28:03:57:52
3	103.87519	1.30451	50:60:28:03:57:54
4	103.87395	1.30527	50:60:28:03:57:56
3	103.87399	1.30382	50:60:28:03:57:58
3	103.87371	1.30479	50:60:28:03:57:5a
3	103.87459	1.30394	50:60:28:03:57:5c
4	103.87526	1.30435	50:60:28:03:57:5e
3	103.87361	1.304	50:60:28:03:57:64
3	103.87386	1.30484	50:60:28:03:57:66
4	103.87375	1.30511	50:60:28:03:57:68
3	103.87454	1.30385	50:60:28:03:57:ec
3	103.87497	1.30424	50:60:28:03:57:f4
3	103.87461	1.30519	50:60:28:03:57:fa
4	103.87419	1.30538	50:60:28:03:58:14
3	103.87411	1.30504	50:60:28:03:58:16
3	103.87462	1.30529	50:60:28:03:58:f2
3	103.8743	1.3038	50:60:28:03:59:74
4	103.87403	1.3053	50:60:28:03:59:76
3	103.87381	1.30395	50:60:28:03:59:80
3	103.87389	1.3048	50:60:28:03:59:ba
3	103.87496	1.3052	50:60:28:03:59:be
4	103.87521	1.30423	50:60:28:03:59:c0
3	103.87397	1.30373	50:60:28:03:59:c2
3	103.8752	1.30478	50:60:28:03:59:c6
4	103.87388	1.30541	50:60:28:03:59:c8
3	103.8744	1.30385	50:60:28:03:59:ca
3	103.87373	1.30397	50:60:28:03:59:cc
4	103.87478	1.30546	50:60:28:03:59:ce
3	103.87507	1.30431	50:60:28:03:59:d0
3	103.8744	1.30521	50:60:28:03:59:d2
4	103.87407	1.30357	50:60:28:03:59:d4
3	103.87407	1.30375	50:60:28:03:59:d6
4	103.87535	1.30469	50:60:28:03:59:d8
3	103.87406	1.3037	50:60:28:03:59:dc
4	103.87504	1.30405	50:60:28:03:59:de
3	103.87461	1.30392	50:60:28:03:59:e2
3	103.87385	1.30388	50:60:28:03:59:e4
4	103.8751	1.30414	50:60:28:03:59:e6
3	103.87501	1.30515	50:60:28:03:59:e8
3	103.87488	1.30434	50:60:28:03:59:ea
3	103.87369	1.30394	50:60:28:03:59:ec
3	103.87515	1.3047	50:60:28:03:59:ee
4	103.87535	1.30493	50:60:28:03:59:f0
4	103.87533	1.30445	50:60:28:03:59:f2
3	103.87414	1.30382	50:60:28:03:59:f4
4	103.87373	1.30532	50:60:28:03:59:f8
3	103.87503	1.30437	50:60:28:03:59:fa
3	103.87415	1.30372	50:60:28:03:59:fc
3	103.87408	1.30386	50:60:28:03:59:fe
3	103.87376	1.30389	50:60:28:03:5a:02
3	103.87381	1.30382	50:60:28:03:5a:04
3	103.87367	1.30414	50:60:28:03:5a:06
3	103.87373	1.30385	50:60:28:03:5a:08
3	103.87432	1.30386	50:60:28:03:5a:0a
3	103.87407	1.30382	50:60:28:03:5a:0c
4	103.87541	1.30493	50:60:28:03:5a:0e
3	103.87453	1.30404	50:60:28:03:5a:10
3	103.87501	1.30492	50:60:28:03:5a:12
3	103.87415	1.30374	50:60:28:03:5a:14
3	103.87376	1.30474	50:60:28:03:5a:16
3	103.87396	1.30486	50:60:28:03:5a:18
3	103.87413	1.30386	50:60:28:03:5a:1a
4	103.87387	1.30515	50:60:28:03:5a:1c
3	103.87485	1.30423	50:60:28:03:5a:1e
4	103.87417	1.30354	50:60:28:03:5a:20
3	103.87521	1.30487	50:60:28:03:5a:22
3	103.87471	1.30417	50:60:28:03:5a:24
3	103.87387	1.30374	50:60:28:03:5a:26
3	103.87437	1.30378	50:60:28:03:5a:28
3	103.87354	1.30455	50:60:28:03:5a:2a
3	103.87494	1.30427	50:60:28:03:5a:2c
4	103.87486	1.30543	50:60:28:03:5a:2e
4	103.87514	1.30523	50:60:28:03:5a:30
3	103.87393	1.30389	50:60:28:03:5a:32
4	103.87528	1.30433	50:60:28:03:5a:3c
4	103.87442	1.30361	50:60:28:03:5a:3e
3	103.87497	1.30444	50:60:28:03:5a:40
4	103.87487	1.30546	50:60:28:03:5a:42
4	103.8738	1.30517	50:60:28:03:5a:44
3	103.87378	1.30392	50:60:28:03:5a:46
3	103.87432	1.30373	50:60:28:03:5a:48
3	103.87511	1.30451	50:60:28:03:5a:4a
3	103.87471	1.30403	50:60:28:03:5a:4c
3	103.87406	1.30494	50:60:28:03:5a:4e
3	103.87439	1.30526	50:60:28:03:5a:50
3	103.87508	1.30439	50:60:28:03:5a:52
3	103.87473	1.30401	50:60:28:03:5a:54
4	103.87361	1.30499	50:60:28:03:5a:56
3	103.87426	1.30389	50:60:28:03:5a:5a
3	103.87465	1.30407	50:60:28:03:5a:5c
4	103.87482	1.3039	50:60:28:03:5a:5e
3	103.8745	1.30391	50:60:28:03:5a:60
3	103.8747	1.30405	50:60:28:03:5a:66
3	103.87522	1.30469	50:60:28:03:5a:68
3	103.87451	1.30389	50:60:28:03:5a:6a
3	103.87505	1.30464	50:60:28:03:5a:6c
4	103.87463	1.30374	50:60:28:03:5d:38
4	103.87382	1.30514	50:60:28:03:6f:56
3	103.87475	1.30526	50:60:28:03:7a:aa
3	103.87371	1.30384	50:60:28:03:7b:3e
3	103.8743	1.30391	50:60:28:03:7c:30
3	103.87446	1.30386	50:60:28:03:7c:7c
3	103.87515	1.30479	50:60:28:03:7d:26
3	103.87516	1.30449	50:60:28:03:7d:2a
3	103.87513	1.30501	50:60:28:03:7d:30
3	103.87367	1.30463	50:60:28:03:7e:c8
3	103.87372	1.30462	50:60:28:03:80:08
3	103.87419	1.30377	50:60:28:03:80:aa
3	103.87404	1.30499	50:60:28:03:ac:26
2	103.87379	1.30522	50:60:28:05:75:1a
5	103.87376	1.30527	50:60:28:05:88:06
5	103.87492	1.30379	50:60:28:05:b4:60
4	103.87324	1.30441	50:60:28:13:88:22
4	103.87324	1.30441	50:60:28:13:88:32
4	103.87522	1.30535	50:60:28:13:f4:40
4	103.87522	1.30535	50:60:28:13:f4:50
4	103.87402	1.30345	50:60:28:13:f7:60
4	103.87402	1.30345	50:60:28:13:f7:70
4	103.875	1.3055	50:60:28:19:6d:c0
3	103.87375	1.30355	50:60:28:19:81:a0
3	103.87375	1.30355	50:60:28:19:81:b0
4	103.87547	1.30491	50:60:28:19:95:60
4	103.87547	1.30491	50:60:28:19:95:70
3	103.87321	1.30402	50:60:28:1a:6c:40
3	103.87321	1.30402	50:60:28:1a:6c:50
4	103.87537	1.30516	50:60:28:1c:b5:00
3	103.87332	1.30409	50:60:28:1c:b5:80
3	103.87332	1.30409	50:60:28:1c:b5:90
4	103.87537	1.30516	50:60:28:1c:b5:f0
5	103.87453	1.30355	50:60:28:27:ac:21
5	103.87453	1.30355	50:60:28:27:ac:31
5	103.87467	1.30364	50:60:28:27:ac:80
5	103.87467	1.30364	50:60:28:27:ac:81
5	103.87467	1.30364	50:60:28:27:ac:90
5	103.87467	1.30364	50:60:28:27:ac:91
5	103.87507	1.30394	50:60:28:27:af:40
5	103.87507	1.30394	50:60:28:27:af:41
5	103.87507	1.30394	50:60:28:27:af:50
5	103.87507	1.30394	50:60:28:27:af:51
5	103.87446	1.3035	50:60:28:27:b2:40
5	103.87446	1.3035	50:60:28:27:b2:41
5	103.87446	1.3035	50:60:28:27:b2:50
5	103.87446	1.3035	50:60:28:27:b2:51
5	103.87432	1.30346	50:60:28:27:b2:60
5	103.87432	1.30346	50:60:28:27:b2:61
5	103.87432	1.30346	50:60:28:27:b2:70
5	103.87432	1.30346	50:60:28:27:b2:71
5	103.87425	1.30346	50:60:28:27:b2:e0
5	103.87425	1.30346	50:60:28:27:b2:e1
5	103.87425	1.30346	50:60:28:27:b2:f0
5	103.87425	1.30346	50:60:28:27:b2:f1
5	103.87545	1.30455	50:60:28:27:b3:21
5	103.87545	1.30455	50:60:28:27:b3:31
5	103.87418	1.30346	50:60:28:27:b3:40
5	103.87418	1.30346	50:60:28:27:b3:41
5	103.87418	1.30346	50:60:28:27:b3:50
5	103.87418	1.30346	50:60:28:27:b3:51
5	103.87478	1.3036	50:60:28:27:b3:80
5	103.87478	1.3036	50:60:28:27:b3:81
5	103.87478	1.3036	50:60:28:27:b3:90
5	103.87478	1.3036	50:60:28:27:b3:91
3	103.87426	1.30549	50:60:28:27:c0:22
4	103.87467	1.30369	50:60:28:27:c1:00
4	103.87467	1.30369	50:60:28:27:c1:01
4	103.87467	1.30369	50:60:28:27:c1:10
4	103.87467	1.30369	50:60:28:27:c1:11
3	103.87513	1.30358	50:60:28:27:cc:1d
4	103.87384	1.30518	50:60:28:27:cc:e0
4	103.87384	1.30518	50:60:28:27:cc:f0
4	103.87432	1.30549	50:60:28:27:cd:60
4	103.87432	1.30549	50:60:28:27:cd:70
4	103.87443	1.30355	50:60:28:27:d1:a0
4	103.87443	1.30355	50:60:28:27:d1:b0
5	103.87459	1.30361	50:60:28:27:e9:c0
5	103.87459	1.30361	50:60:28:27:e9:c1
5	103.87459	1.30361	50:60:28:27:e9:d0
5	103.87459	1.30361	50:60:28:27:e9:d1
5	103.87517	1.30406	50:60:28:27:e9:e0
5	103.87517	1.30406	50:60:28:27:e9:e3
5	103.87517	1.30406	50:60:28:27:e9:f0
5	103.87517	1.30406	50:60:28:27:e9:f3
5	103.87501	1.30389	50:60:28:27:ea:40
5	103.87501	1.30389	50:60:28:27:ea:41
5	103.87501	1.30389	50:60:28:27:ea:50
5	103.87501	1.30389	50:60:28:27:ea:51
5	103.87412	1.30346	50:60:28:27:ea:80
5	103.87412	1.30346	50:60:28:27:ea:81
5	103.87412	1.30346	50:60:28:27:ea:90
5	103.87412	1.30346	50:60:28:27:ea:91
5	103.87514	1.30388	50:60:28:27:ea:a1
5	103.87514	1.30388	50:60:28:27:ea:b1
5	103.87439	1.30349	50:60:28:27:ea:c1
5	103.87439	1.30349	50:60:28:27:ea:d1
5	103.87406	1.30344	50:60:28:27:eb:c0
5	103.87406	1.30344	50:60:28:27:eb:c1
5	103.87406	1.30344	50:60:28:27:eb:d0
5	103.87406	1.30344	50:60:28:27:eb:d1
5	103.87444	1.30343	50:60:28:27:f2:00
5	103.87444	1.30343	50:60:28:27:f2:10
5	103.87475	1.30368	50:60:28:27:f7:40
5	103.87475	1.30368	50:60:28:27:f7:41
5	103.87475	1.30368	50:60:28:27:f7:50
5	103.87475	1.30368	50:60:28:27:f7:51
5	103.8748	1.30373	50:60:28:27:f7:60
5	103.8748	1.30373	50:60:28:27:f7:61
5	103.8748	1.30373	50:60:28:27:f7:70
5	103.8748	1.30373	50:60:28:27:f7:71
5	103.87539	1.30436	50:60:28:27:f8:41
5	103.87539	1.30436	50:60:28:27:f8:51
5	103.87513	1.30399	50:60:28:27:f8:c0
5	103.87513	1.30399	50:60:28:27:f8:d0
3	103.87344	1.30375	50:60:28:28:06:c1
3	103.87344	1.30375	50:60:28:28:06:c2
3	103.87344	1.30375	50:60:28:28:06:d1
3	103.87344	1.30375	50:60:28:28:06:d2
3	103.87344	1.30375	50:60:28:28:06:d4
3	103.87344	1.30375	50:60:28:28:06:d6
5	103.87528	1.30416	50:60:28:28:2c:41
5	103.87528	1.30416	50:60:28:28:2c:43
5	103.87528	1.30416	50:60:28:28:2c:51
5	103.87528	1.30416	50:60:28:28:2c:53
5	103.87538	1.30417	50:60:28:28:2c:83
5	103.87538	1.30417	50:60:28:28:2c:93
5	103.87543	1.30451	50:60:28:28:2d:21
5	103.87543	1.30451	50:60:28:28:2d:31
5	103.87533	1.30424	50:60:28:28:2e:a0
5	103.87533	1.30424	50:60:28:28:2e:a1
5	103.87533	1.30424	50:60:28:28:2e:b0
5	103.87533	1.30424	50:60:28:28:2e:b1
4	103.8736	1.30519	50:60:28:29:71:80
4	103.8736	1.30519	50:60:28:29:71:90
3	103.87366	1.30539	50:60:28:2a:6b:60
3	103.87366	1.30539	50:60:28:2a:6b:62
3	103.87366	1.30539	50:60:28:2a:6b:70
3	103.87366	1.30539	50:60:28:2a:6b:72
4	103.87463	1.30552	50:60:28:2a:a0:80
4	103.87463	1.30552	50:60:28:2a:a0:90
4	103.87334	1.30449	50:60:28:2a:a1:40
4	103.87334	1.30449	50:60:28:2a:a1:50
4	103.87543	1.3048	50:60:28:2a:ac:60
3	103.87376	1.3051	50:60:28:2a:b2:80
3	103.87376	1.3051	50:60:28:2a:b2:90
3	103.87326	1.30439	50:60:28:2a:b3:01
3	103.87326	1.30439	50:60:28:2a:b3:11
5	103.8733	1.30475	50:60:28:2a:b3:60
5	103.8733	1.30475	50:60:28:2a:b3:70
3	103.87533	1.30515	50:60:28:2a:b3:a0
3	103.87533	1.30515	50:60:28:2a:b3:a1
3	103.87533	1.30515	50:60:28:2a:b3:b0
3	103.87533	1.30515	50:60:28:2a:b3:b1
4	103.87329	1.30467	50:60:28:2a:b4:40
4	103.87329	1.30467	50:60:28:2a:b4:50
5	103.87406	1.30344	50:60:28:2a:b4:80
3	103.87487	1.30552	50:60:28:2a:b4:82
5	103.87406	1.30344	50:60:28:2a:b4:90
3	103.87487	1.30552	50:60:28:2a:b4:92
3	103.87516	1.30535	50:60:28:2a:b4:a0
3	103.87516	1.30535	50:60:28:2a:b4:a1
3	103.87516	1.30535	50:60:28:2a:b4:b0
3	103.87516	1.30535	50:60:28:2a:b4:b1
5	103.87354	1.30518	50:60:28:2a:b5:40
5	103.87354	1.30518	50:60:28:2a:b5:50
5	103.87328	1.30469	50:60:28:2a:b5:60
5	103.87328	1.30469	50:60:28:2a:b5:70
5	103.87367	1.30517	50:60:28:2a:b5:c0
5	103.87367	1.30517	50:60:28:2a:b5:d0
3	103.87556	1.30425	50:60:28:2a:b5:e1
3	103.87556	1.30425	50:60:28:2a:b5:f1
3	103.87403	1.30533	50:60:28:2a:b6:20
3	103.8732	1.30478	50:60:28:2a:b6:40
3	103.8732	1.30478	50:60:28:2a:b6:43
3	103.8732	1.30478	50:60:28:2a:b6:50
3	103.8732	1.30478	50:60:28:2a:b6:53
5	103.87393	1.30538	50:60:28:2a:b6:a0
5	103.87393	1.30538	50:60:28:2a:b6:b0
5	103.8734	1.30491	50:60:28:2a:b6:c0
5	103.8734	1.30491	50:60:28:2a:b6:d0
3	103.87366	1.30501	50:60:28:2a:b8:61
3	103.87366	1.30501	50:60:28:2a:b8:71
4	103.87469	1.30555	50:60:28:2a:be:40
4	103.87469	1.30555	50:60:28:2a:be:41
4	103.87469	1.30555	50:60:28:2a:be:50
4	103.87469	1.30555	50:60:28:2a:be:51
4	103.87547	1.30437	50:60:28:2a:be:81
4	103.87547	1.30437	50:60:28:2a:be:91
4	103.87428	1.30343	50:60:28:2a:be:a0
4	103.87428	1.30343	50:60:28:2a:be:b0
4	103.87407	1.30536	50:60:28:2a:be:c0
4	103.87407	1.30536	50:60:28:2a:be:d0
5	103.87437	1.30559	50:60:28:2a:bf:61
5	103.87437	1.30559	50:60:28:2a:bf:71
2	103.87358	1.30548	50:60:28:2a:c0:e0
2	103.87358	1.30548	50:60:28:2a:c0:f0
4	103.87485	1.30364	50:60:28:2a:c5:81
4	103.87485	1.30364	50:60:28:2a:c5:91
4	103.87513	1.30406	50:60:28:2a:c5:c0
4	103.87513	1.30406	50:60:28:2a:c5:c1
4	103.87513	1.30406	50:60:28:2a:c5:d0
4	103.87513	1.30406	50:60:28:2a:c5:d1
2	103.87371	1.30532	50:60:28:2a:c5:e0
2	103.87371	1.30532	50:60:28:2a:c5:e1
2	103.87371	1.30532	50:60:28:2a:c5:f0
2	103.87371	1.30532	50:60:28:2a:c5:f1
3	103.87385	1.30499	50:60:28:2a:c6:40
3	103.87385	1.30499	50:60:28:2a:c6:50
4	103.87532	1.30426	50:60:28:2a:c8:60
4	103.87532	1.30426	50:60:28:2a:c8:61
4	103.87532	1.30426	50:60:28:2a:c8:70
4	103.87532	1.30426	50:60:28:2a:c8:71
4	103.87331	1.3045	50:60:28:2a:c9:40
4	103.87331	1.3045	50:60:28:2a:c9:41
5	103.87414	1.30549	50:60:28:2a:d2:a0
5	103.87414	1.30549	50:60:28:2a:d2:b0
5	103.87537	1.3043	50:60:28:2a:d3:21
5	103.87537	1.3043	50:60:28:2a:d3:31
5	103.87443	1.3056	50:60:28:2a:d4:80
5	103.87443	1.3056	50:60:28:2a:d4:90
5	103.87362	1.30513	50:60:28:2a:d8:60
5	103.87362	1.30513	50:60:28:2a:d8:70
3	103.87371	1.30532	50:60:28:2a:d9:a0
3	103.87371	1.30532	50:60:28:2a:d9:b0
3	103.87499	1.30389	50:60:28:2a:d9:c1
3	103.87499	1.30389	50:60:28:2a:d9:c5
3	103.87499	1.30389	50:60:28:2a:d9:d0
3	103.87499	1.30389	50:60:28:2a:d9:d6
3	103.87314	1.30438	50:60:28:2a:d9:e0
3	103.87314	1.30438	50:60:28:2a:d9:e2
3	103.87314	1.30438	50:60:28:2a:d9:f0
3	103.87314	1.30438	50:60:28:2a:d9:f2
3	103.87497	1.30412	50:60:28:2a:da:e0
3	103.87497	1.30412	50:60:28:2a:da:e1
3	103.87496	1.30426	50:60:28:2a:da:e2
3	103.87497	1.30412	50:60:28:2a:da:f0
3	103.87497	1.30412	50:60:28:2a:da:f1
3	103.87496	1.30426	50:60:28:2a:da:f2
3	103.87478	1.30339	50:60:28:2a:dc:a1
3	103.87478	1.30339	50:60:28:2a:dc:b1
3	103.87475	1.30569	50:60:28:2a:dc:c0
3	103.87475	1.30569	50:60:28:2a:dc:c2
3	103.87475	1.30569	50:60:28:2a:dc:d0
3	103.87475	1.30569	50:60:28:2a:dc:d2
3	103.87508	1.30554	50:60:28:2a:dd:e0
3	103.87508	1.30554	50:60:28:2a:dd:f0
3	103.87445	1.30556	50:60:28:2a:de:40
3	103.87445	1.30556	50:60:28:2a:de:41
3	103.87445	1.30556	50:60:28:2a:de:51
4	103.87545	1.3046	50:60:28:2a:de:60
4	103.87545	1.3046	50:60:28:2a:de:70
3	103.87548	1.30467	50:60:28:2a:de:80
3	103.87548	1.30467	50:60:28:2a:de:81
3	103.87548	1.30467	50:60:28:2a:de:90
3	103.87548	1.30467	50:60:28:2a:de:91
3	103.87472	1.30368	50:60:28:2a:e8:30
3	103.87472	1.30368	50:60:28:2a:e8:31
3	103.87472	1.30368	50:60:28:2a:e8:34
3	103.87472	1.30368	50:60:28:2a:e8:36
3	103.874	1.30346	50:60:28:2a:e8:c0
3	103.874	1.30346	50:60:28:2a:e8:c1
3	103.874	1.30346	50:60:28:2a:e8:c4
3	103.874	1.30346	50:60:28:2a:e8:d0
4	103.87446	1.30561	50:60:28:2a:e9:00
4	103.87446	1.30561	50:60:28:2a:e9:10
4	103.87501	1.30373	50:60:28:2a:e9:41
4	103.87501	1.30373	50:60:28:2a:e9:51
5	103.87389	1.30546	50:60:28:2a:ea:60
5	103.87389	1.30546	50:60:28:2a:ea:70
3	103.87559	1.30464	50:60:28:2a:ea:80
3	103.87559	1.30464	50:60:28:2a:ea:90
5	103.87387	1.30534	50:60:28:2a:ea:c0
5	103.87387	1.30534	50:60:28:2a:ea:d0
3	103.87534	1.30532	50:60:28:2a:ea:e0
3	103.87534	1.30532	50:60:28:2a:ea:f0
5	103.874	1.30542	50:60:28:2a:eb:10
5	103.874	1.30542	50:60:28:2a:eb:11
5	103.87418	1.30552	50:60:28:2a:eb:41
5	103.87418	1.30552	50:60:28:2a:eb:51
3	103.87398	1.3056	50:60:28:2a:eb:c0
3	103.87398	1.3056	50:60:28:2a:eb:c2
3	103.87398	1.3056	50:60:28:2a:eb:d0
3	103.87398	1.3056	50:60:28:2a:eb:d2
5	103.87542	1.30442	50:60:28:2a:ec:21
5	103.87542	1.30442	50:60:28:2a:ec:23
5	103.87542	1.30442	50:60:28:2a:ec:31
5	103.87542	1.30442	50:60:28:2a:ec:33
3	103.87336	1.30513	50:60:28:2a:ec:e1
3	103.87336	1.30513	50:60:28:2a:ec:e3
3	103.87336	1.30513	50:60:28:2a:ec:f1
3	103.87336	1.30513	50:60:28:2a:ec:f3
3	103.87544	1.30491	50:60:28:2a:ed:01
3	103.87544	1.30491	50:60:28:2a:ed:10
3	103.87544	1.30491	50:60:28:2a:ed:11
3	103.87539	1.30388	50:60:28:2a:ed:20
3	103.87539	1.30388	50:60:28:2a:ed:30
3	103.87333	1.30464	50:60:28:2a:ed:a0
3	103.87333	1.30464	50:60:28:2a:ed:b0
5	103.87523	1.30411	50:60:28:2a:ee:a0
5	103.87523	1.30411	50:60:28:2a:ee:a1
5	103.87523	1.30411	50:60:28:2a:ee:b0
5	103.87523	1.30411	50:60:28:2a:ee:b1
4	103.87343	1.30478	50:60:28:2a:ee:e0
4	103.87343	1.30478	50:60:28:2a:ee:f0
3	103.87533	1.30515	50:60:28:2a:ef:20
3	103.87533	1.30515	50:60:28:2a:ef:21
3	103.87533	1.30515	50:60:28:2a:ef:30
3	103.87533	1.30515	50:60:28:2a:ef:31
5	103.87355	1.30507	50:60:28:2a:ef:41
5	103.87355	1.30507	50:60:28:2a:ef:51
5	103.87334	1.30482	50:60:28:2a:ef:60
5	103.87334	1.30482	50:60:28:2a:ef:70
3	103.87486	1.30378	50:60:28:2a:f5:00
3	103.87486	1.30378	50:60:28:2a:f5:01
3	103.87486	1.30378	50:60:28:2a:f5:04
3	103.87486	1.30378	50:60:28:2a:f5:05
5	103.8735	1.305	50:60:28:2a:f5:a0
5	103.8735	1.305	50:60:28:2a:f5:b0
3	103.87554	1.305	50:60:28:2a:f5:e1
3	103.87554	1.305	50:60:28:2a:f5:f1
3	103.87449	1.30354	50:60:28:2a:f6:01
3	103.87449	1.30354	50:60:28:2a:f6:14
3	103.87449	1.30354	50:60:28:2a:f6:16
3	103.87529	1.3042	50:60:28:2a:f6:40
3	103.87529	1.3042	50:60:28:2a:f6:50
3	103.87529	1.3042	50:60:28:2a:f6:51
3	103.87529	1.3042	50:60:28:2a:f6:56
3	103.87439	1.30329	50:60:28:2a:f6:a0
3	103.8743	1.30347	50:60:28:2a:f6:a1
3	103.8743	1.30347	50:60:28:2a:f6:a4
3	103.8743	1.30347	50:60:28:2a:f6:a5
3	103.8743	1.30347	50:60:28:2a:f6:b4
3	103.87511	1.304	50:60:28:2a:f7:00
3	103.87511	1.304	50:60:28:2a:f7:01
3	103.87511	1.304	50:60:28:2a:f7:04
3	103.87511	1.304	50:60:28:2a:f7:16
3	103.87351	1.30417	50:60:28:2a:f9:20
3	103.87351	1.30417	50:60:28:2a:f9:21
3	103.87541	1.30438	50:60:28:2b:07:80
3	103.87541	1.30438	50:60:28:2b:07:81
3	103.87541	1.30438	50:60:28:2b:07:85
3	103.87346	1.30483	50:60:28:2b:07:c1
3	103.87346	1.30483	50:60:28:2b:07:d1
3	103.87433	1.30569	50:60:28:2b:08:60
3	103.87433	1.30569	50:60:28:2b:08:62
3	103.87433	1.30569	50:60:28:2b:08:70
3	103.87433	1.30569	50:60:28:2b:08:72
5	103.87427	1.30558	50:60:28:2b:08:c0
5	103.87423	1.30562	50:60:28:2b:08:c1
5	103.87427	1.30558	50:60:28:2b:08:d0
5	103.87423	1.30562	50:60:28:2b:08:d1
3	103.87471	1.30557	50:60:28:2b:10:60
3	103.87471	1.30557	50:60:28:2b:10:70
4	103.87514	1.30386	50:60:28:2b:10:e0
4	103.87514	1.30386	50:60:28:2b:10:f0
1	103.87367	1.30537	50:60:28:2b:14:00
1	103.87367	1.30537	50:60:28:2b:14:01
1	103.87367	1.30537	50:60:28:2b:14:10
1	103.87367	1.30537	50:60:28:2b:14:11
5	103.87422	1.30555	50:60:28:2b:ea:20
5	103.87422	1.30555	50:60:28:2b:ea:30
4	103.87395	1.30519	50:60:28:2c:a3:60
4	103.87395	1.30519	50:60:28:2c:a3:70
3	103.87404	1.30515	50:60:28:2c:f9:60
3	103.87404	1.30515	50:60:28:2c:f9:70
3	103.87404	1.30515	50:60:28:2c:f9:71
3	103.87504	1.30485	50:60:28:2c:f9:80
3	103.87504	1.30485	50:60:28:2c:f9:90
3	103.87423	1.30512	50:60:28:2c:f9:a0
3	103.87423	1.30512	50:60:28:2c:f9:a1
3	103.87423	1.30512	50:60:28:2c:f9:b0
3	103.87423	1.30512	50:60:28:2c:f9:b1
4	103.87452	1.30553	50:60:28:2c:fa:a0
4	103.87452	1.30553	50:60:28:2c:fa:b0
3	103.87487	1.30409	50:60:28:2c:fb:20
3	103.87487	1.30409	50:60:28:2c:fb:21
3	103.87481	1.30427	50:60:28:2c:fb:22
3	103.87481	1.30427	50:60:28:2c:fb:32
3	103.87512	1.30491	50:60:28:2c:fb:40
3	103.87512	1.30491	50:60:28:2c:fb:50
3	103.87506	1.30493	50:60:28:2c:fb:60
3	103.8752	1.30478	50:60:28:2c:fb:61
3	103.87506	1.30493	50:60:28:2c:fb:70
3	103.87505	1.30478	50:60:28:2c:fb:a0
3	103.87505	1.30478	50:60:28:2c:fb:a1
3	103.87505	1.30478	50:60:28:2c:fb:a2
3	103.87505	1.30478	50:60:28:2c:fb:b2
3	103.87489	1.30418	50:60:28:2c:fb:c0
3	103.87489	1.30418	50:60:28:2c:fb:c2
3	103.87491	1.30404	50:60:28:2c:fb:d0
3	103.87491	1.30404	50:60:28:2c:fb:d1
3	103.87489	1.30418	50:60:28:2c:fb:d2
4	103.87533	1.30456	50:60:28:2d:96:80
4	103.87533	1.30456	50:60:28:2d:96:81
3	103.87488	1.30512	50:60:28:30:cd:a0
3	103.87488	1.30512	50:60:28:30:cd:a1
3	103.87488	1.30512	50:60:28:30:cd:b0
3	103.87488	1.30512	50:60:28:30:cd:b1
4	103.87472	1.3038	50:60:28:31:0e:20
4	103.87472	1.3038	50:60:28:31:0e:21
4	103.87396	1.30355	50:60:28:32:5e:60
4	103.87396	1.30355	50:60:28:32:5e:61
4	103.87396	1.30355	50:60:28:32:5e:70
3	103.87484	1.30517	50:60:28:32:70:20
3	103.87484	1.30517	50:60:28:32:70:21
4	103.87538	1.30468	50:60:28:32:71:40
4	103.87538	1.30468	50:60:28:32:71:41
4	103.87538	1.30468	50:60:28:32:71:50
4	103.87538	1.30468	50:60:28:32:71:51
3	103.87438	1.30528	50:60:28:32:72:40
3	103.87438	1.30528	50:60:28:32:72:41
3	103.87438	1.30528	50:60:28:32:72:50
3	103.87438	1.30528	50:60:28:32:72:51
4	103.87516	1.30525	50:60:28:32:72:a0
4	103.87516	1.30525	50:60:28:32:72:b0
4	103.87523	1.30513	50:60:28:32:78:60
4	103.87523	1.30513	50:60:28:32:78:70
3	103.87363	1.30436	50:60:28:32:78:a0
3	103.87363	1.30436	50:60:28:32:78:a1
3	103.87363	1.30436	50:60:28:32:78:a2
3	103.87363	1.30436	50:60:28:32:78:b0
3	103.87363	1.30436	50:60:28:32:78:b1
3	103.87363	1.30436	50:60:28:32:78:b2
3	103.87366	1.3047	50:60:28:32:78:c0
3	103.87366	1.3047	50:60:28:32:78:c1
3	103.87366	1.3047	50:60:28:32:78:c2
3	103.87366	1.3047	50:60:28:32:78:d0
3	103.87366	1.3047	50:60:28:32:78:d1
3	103.87434	1.30367	50:60:28:32:78:e0
3	103.87434	1.30367	50:60:28:32:78:e1
4	103.87395	1.30527	50:60:28:32:79:00
4	103.87395	1.30527	50:60:28:32:79:10
3	103.8739	1.3038	50:60:28:32:79:40
3	103.8739	1.3038	50:60:28:32:79:41
3	103.87414	1.305	50:60:28:32:79:60
3	103.87414	1.305	50:60:28:32:79:70
4	103.87436	1.30362	50:60:28:32:79:80
4	103.87436	1.30362	50:60:28:32:79:81
4	103.87436	1.30362	50:60:28:32:79:90
4	103.87436	1.30362	50:60:28:32:79:91
4	103.87393	1.30523	50:60:28:32:79:a0
4	103.87393	1.30523	50:60:28:32:79:b0
3	103.87362	1.30412	50:60:28:32:79:c0
3	103.87362	1.30412	50:60:28:32:79:c1
3	103.87362	1.30412	50:60:28:32:79:c2
3	103.87362	1.30412	50:60:28:32:79:d1
4	103.87367	1.305	50:60:28:32:79:e0
4	103.87367	1.305	50:60:28:32:79:f0
3	103.87354	1.30455	50:60:28:32:7a:00
3	103.87357	1.30454	50:60:28:32:7a:01
3	103.87357	1.30454	50:60:28:32:7a:10
3	103.87357	1.30454	50:60:28:32:7a:11
3	103.87392	1.30384	50:60:28:32:7d:80
3	103.87392	1.30384	50:60:28:32:7d:81
3	103.87392	1.30384	50:60:28:32:7d:90
3	103.87392	1.30384	50:60:28:32:7d:91
3	103.8741	1.30357	50:60:28:32:7d:c0
3	103.8741	1.30357	50:60:28:32:7d:c1
3	103.8741	1.30357	50:60:28:32:7d:d0
3	103.8741	1.30357	50:60:28:32:7d:d1
3	103.87453	1.30378	50:60:28:32:80:e0
3	103.87453	1.30378	50:60:28:32:80:e1
4	103.87409	1.30528	50:60:28:32:8c:a0
4	103.87409	1.30528	50:60:28:32:8c:b0
3	103.87435	1.30513	50:60:28:32:8d:80
3	103.87435	1.30513	50:60:28:32:8d:90
3	103.87463	1.30531	50:60:28:32:8d:a0
3	103.87463	1.30531	50:60:28:32:8d:a1
4	103.87488	1.30392	50:60:28:32:8e:20
4	103.87488	1.30392	50:60:28:32:8e:21
4	103.87488	1.30392	50:60:28:32:8e:30
4	103.87488	1.30392	50:60:28:32:8e:31
3	103.87354	1.30427	50:60:28:32:8e:40
3	103.87354	1.30427	50:60:28:32:8e:41
3	103.87354	1.30427	50:60:28:32:8e:42
3	103.87354	1.30427	50:60:28:32:8e:50
3	103.87354	1.30427	50:60:28:32:8e:51
3	103.87354	1.30427	50:60:28:32:8e:52
3	103.87518	1.30432	50:60:28:32:8e:80
3	103.87518	1.30432	50:60:28:32:8e:81
3	103.87518	1.30432	50:60:28:32:8e:90
3	103.87518	1.30432	50:60:28:32:8e:91
4	103.87538	1.30479	50:60:28:32:94:a0
4	103.87536	1.30455	50:60:28:32:94:c0
4	103.87536	1.30455	50:60:28:32:94:c1
3	103.87469	1.30523	50:60:28:32:94:e0
3	103.87469	1.30523	50:60:28:32:94:e1
3	103.87469	1.30523	50:60:28:32:94:f0
3	103.87469	1.30523	50:60:28:32:94:f1
3	103.87419	1.30518	50:60:28:32:95:00
3	103.87419	1.30518	50:60:28:32:95:01
3	103.87419	1.30518	50:60:28:32:95:10
3	103.87419	1.30518	50:60:28:32:95:11
3	103.87486	1.30521	50:60:28:32:95:20
3	103.87486	1.30521	50:60:28:32:95:21
3	103.87486	1.30521	50:60:28:32:95:30
3	103.87486	1.30521	50:60:28:32:95:31
4	103.87416	1.30357	50:60:28:32:95:40
4	103.87416	1.30357	50:60:28:32:95:41
4	103.87416	1.30357	50:60:28:32:95:50
4	103.87416	1.30357	50:60:28:32:95:51
4	103.87492	1.30397	50:60:28:32:95:60
4	103.87492	1.30397	50:60:28:32:95:61
3	103.8752	1.30455	50:60:28:32:95:80
3	103.8752	1.30455	50:60:28:32:95:81
3	103.87507	1.30437	50:60:28:32:95:a0
3	103.87507	1.30437	50:60:28:32:95:a1
3	103.87503	1.30454	50:60:28:32:95:a2
3	103.87503	1.30454	50:60:28:32:95:b2
3	103.87406	1.30513	50:60:28:32:95:c0
3	103.87406	1.30513	50:60:28:32:95:c1
3	103.87406	1.30513	50:60:28:32:95:d0
3	103.87406	1.30513	50:60:28:32:95:d1
4	103.87544	1.30468	50:60:28:32:95:e0
3	103.8751	1.3047	50:60:28:32:96:00
3	103.8751	1.3047	50:60:28:32:96:01
3	103.8751	1.3047	50:60:28:32:96:02
3	103.8751	1.3047	50:60:28:32:96:10
3	103.8751	1.3047	50:60:28:32:96:11
3	103.8751	1.3047	50:60:28:32:96:12
4	103.87525	1.30515	50:60:28:32:96:20
4	103.87525	1.30515	50:60:28:32:96:21
3	103.87488	1.30525	50:60:28:32:96:40
3	103.87488	1.30525	50:60:28:32:96:41
4	103.8745	1.30368	50:60:28:32:96:60
4	103.87461	1.30375	50:60:28:32:96:80
4	103.87461	1.30375	50:60:28:32:96:90
3	103.87512	1.30491	50:60:28:32:96:a0
3	103.8751	1.30496	50:60:28:32:96:b0
3	103.87427	1.30529	50:60:28:32:96:c0
3	103.87427	1.30529	50:60:28:32:96:c1
3	103.87427	1.30529	50:60:28:32:96:d0
3	103.87382	1.30487	50:60:28:32:96:e0
3	103.87382	1.30487	50:60:28:32:96:f0
3	103.87475	1.30516	50:60:28:32:97:00
3	103.87475	1.30516	50:60:28:32:97:01
4	103.87333	1.30439	50:60:28:32:97:20
4	103.87333	1.30439	50:60:28:32:97:30
4	103.87335	1.30462	50:60:28:32:97:40
4	103.87335	1.30462	50:60:28:32:97:41
3	103.8751	1.30462	50:60:28:32:97:60
3	103.8751	1.30462	50:60:28:32:97:61
3	103.8751	1.30462	50:60:28:32:97:70
3	103.87416	1.30523	50:60:28:32:97:80
3	103.87416	1.30523	50:60:28:32:97:90
3	103.87462	1.30536	50:60:28:32:97:a0
3	103.87462	1.30536	50:60:28:32:97:a1
3	103.87471	1.30527	50:60:28:32:97:c0
3	103.87471	1.30527	50:60:28:32:97:c1
3	103.87468	1.30519	50:60:28:32:97:e0
3	103.87468	1.30519	50:60:28:32:97:e1
3	103.87475	1.30516	50:60:28:32:97:f0
3	103.87475	1.30516	50:60:28:32:97:f1
4	103.87395	1.30519	50:60:28:32:98:00
4	103.87395	1.30519	50:60:28:32:98:10
4	103.87452	1.30366	50:60:28:32:98:20
4	103.87452	1.30366	50:60:28:32:98:30
3	103.87427	1.30523	50:60:28:32:98:40
3	103.87427	1.30523	50:60:28:32:98:50
3	103.8743	1.30516	50:60:28:32:98:80
3	103.8743	1.30516	50:60:28:32:98:81
3	103.8743	1.30516	50:60:28:32:98:90
3	103.8743	1.30516	50:60:28:32:98:91
4	103.8748	1.30555	50:60:28:32:98:a0
4	103.8748	1.30555	50:60:28:32:98:b0
3	103.87509	1.30486	50:60:28:32:98:c0
3	103.87509	1.30486	50:60:28:32:98:c1
3	103.87509	1.30486	50:60:28:32:98:c2
3	103.87509	1.30486	50:60:28:32:98:d0
3	103.87509	1.30486	50:60:28:32:98:d1
3	103.87509	1.30486	50:60:28:32:98:d2
3	103.87442	1.30517	50:60:28:32:98:e0
3	103.87442	1.30517	50:60:28:32:98:e1
3	103.87442	1.30517	50:60:28:32:98:f0
3	103.8743	1.30522	50:60:28:32:99:00
3	103.8743	1.30522	50:60:28:32:99:10
3	103.87426	1.30508	50:60:28:32:99:20
3	103.87426	1.30508	50:60:28:32:99:21
3	103.87426	1.30508	50:60:28:32:99:30
3	103.87426	1.30508	50:60:28:32:99:31
3	103.87482	1.30394	50:60:28:32:99:40
3	103.87482	1.30394	50:60:28:32:99:41
3	103.87478	1.30409	50:60:28:32:99:42
3	103.87478	1.30409	50:60:28:32:99:52
3	103.875	1.3044	50:60:28:32:99:c2
3	103.87503	1.30425	50:60:28:32:99:d0
3	103.87503	1.30425	50:60:28:32:99:d1
3	103.875	1.3044	50:60:28:32:99:d2
4	103.87532	1.30502	50:60:28:32:99:e0
4	103.87532	1.30502	50:60:28:32:99:f0
3	103.87488	1.30509	50:60:28:32:9a:00
3	103.87488	1.30509	50:60:28:32:9a:01
3	103.87488	1.30509	50:60:28:32:9a:10
3	103.87523	1.30455	50:60:28:32:9a:60
3	103.87523	1.30455	50:60:28:32:9a:61
3	103.87519	1.30459	50:60:28:32:9a:62
3	103.87523	1.30455	50:60:28:32:9a:70
3	103.87523	1.30455	50:60:28:32:9a:71
3	103.87519	1.30459	50:60:28:32:9a:72
3	103.87364	1.30443	50:60:28:32:9c:00
3	103.87364	1.30443	50:60:28:32:9c:01
3	103.87364	1.30443	50:60:28:32:9c:02
3	103.87364	1.30443	50:60:28:32:9c:10
3	103.87364	1.30443	50:60:28:32:9c:11
3	103.87364	1.30443	50:60:28:32:9c:12
4	103.87427	1.30546	50:60:28:32:9e:a0
4	103.87427	1.30546	50:60:28:32:9e:b0
3	103.87393	1.3049	50:60:28:32:9e:e0
3	103.87393	1.3049	50:60:28:32:9e:e1
3	103.87393	1.3049	50:60:28:32:9e:f0
3	103.87393	1.3049	50:60:28:32:9e:f1
3	103.87363	1.30427	50:60:28:32:9f:a1
3	103.87363	1.30427	50:60:28:32:9f:c0
3	103.87363	1.30427	50:60:28:32:9f:c1
3	103.87363	1.30427	50:60:28:32:9f:d0
3	103.87363	1.30427	50:60:28:32:9f:d1
3	103.87456	1.30373	50:60:28:32:a2:40
3	103.87456	1.30373	50:60:28:32:a2:41
3	103.87436	1.30363	50:60:28:32:a3:e0
3	103.87436	1.30363	50:60:28:32:a3:e1
3	103.87403	1.30365	50:60:28:32:a6:e0
3	103.87403	1.30365	50:60:28:32:a6:e1
3	103.87455	1.30374	50:60:28:32:a9:00
3	103.87455	1.30374	50:60:28:32:a9:01
3	103.87363	1.30471	50:60:28:32:a9:80
3	103.87363	1.30471	50:60:28:32:a9:81
3	103.87363	1.30471	50:60:28:32:a9:82
3	103.87363	1.30471	50:60:28:32:a9:90
3	103.87363	1.30471	50:60:28:32:a9:91
3	103.87363	1.30471	50:60:28:32:a9:92
4	103.87396	1.30359	50:60:28:32:a9:c0
4	103.87396	1.30359	50:60:28:32:a9:c1
4	103.87513	1.30412	50:60:28:32:a9:e0
4	103.87513	1.30412	50:60:28:32:a9:e1
4	103.87352	1.30483	50:60:28:32:aa:10
3	103.87443	1.30372	50:60:28:32:aa:20
3	103.87443	1.30372	50:60:28:32:aa:21
3	103.87443	1.30372	50:60:28:32:aa:30
3	103.87492	1.30403	50:60:28:32:aa:40
3	103.87492	1.30403	50:60:28:32:aa:41
3	103.87492	1.30403	50:60:28:32:aa:50
3	103.87492	1.30403	50:60:28:32:aa:51
4	103.87365	1.30502	50:60:28:32:aa:60
4	103.87365	1.30502	50:60:28:32:aa:70
4	103.87485	1.30387	50:60:28:32:aa:80
4	103.87431	1.30544	50:60:28:32:aa:a0
4	103.87431	1.30544	50:60:28:32:aa:b0
4	103.87537	1.30503	50:60:28:32:aa:c0
3	103.87351	1.30407	50:60:28:32:aa:e0
3	103.87351	1.30407	50:60:28:32:aa:e1
3	103.87351	1.30407	50:60:28:32:aa:e2
3	103.87351	1.30407	50:60:28:32:aa:f0
3	103.87351	1.30407	50:60:28:32:aa:f1
3	103.8749	1.30513	50:60:28:32:ab:00
3	103.8749	1.30513	50:60:28:32:ab:01
3	103.87472	1.30532	50:60:28:32:ab:20
3	103.87472	1.30532	50:60:28:32:ab:21
4	103.87473	1.30379	50:60:28:32:ab:40
4	103.87473	1.30379	50:60:28:32:ab:41
3	103.87379	1.30471	50:60:28:32:ab:60
3	103.87379	1.30471	50:60:28:32:ab:61
3	103.87379	1.30471	50:60:28:32:ab:62
3	103.87379	1.30471	50:60:28:32:ab:70
3	103.87379	1.30471	50:60:28:32:ab:71
3	103.87379	1.30471	50:60:28:32:ab:72
3	103.8736	1.3042	50:60:28:32:ab:80
3	103.8736	1.3042	50:60:28:32:ab:81
3	103.8736	1.3042	50:60:28:32:ab:82
4	103.87502	1.30407	50:60:28:32:ab:a0
4	103.87502	1.30407	50:60:28:32:ab:a1
3	103.87355	1.30418	50:60:28:32:ab:c0
3	103.87355	1.30418	50:60:28:32:ab:c1
3	103.87355	1.30418	50:60:28:32:ab:c2
3	103.87355	1.30418	50:60:28:32:ab:d0
3	103.87355	1.30418	50:60:28:32:ab:d1
4	103.8753	1.30446	50:60:28:32:ab:e0
4	103.8753	1.30446	50:60:28:32:ab:e1
4	103.8753	1.30446	50:60:28:32:ab:f0
4	103.8753	1.30446	50:60:28:32:ab:f1
3	103.87389	1.30494	50:60:28:32:ac:00
3	103.87389	1.30494	50:60:28:32:ac:01
3	103.87389	1.30494	50:60:28:32:ac:02
3	103.87389	1.30494	50:60:28:32:ac:10
3	103.87389	1.30494	50:60:28:32:ac:11
3	103.87389	1.30494	50:60:28:32:ac:12
4	103.8753	1.305	50:60:28:32:ac:20
4	103.8753	1.305	50:60:28:32:ac:21
4	103.87429	1.30356	50:60:28:32:ac:40
4	103.87429	1.30356	50:60:28:32:ac:50
4	103.87452	1.30549	50:60:28:32:ac:60
4	103.87452	1.30549	50:60:28:32:ac:70
4	103.87343	1.30471	50:60:28:32:ac:80
4	103.87343	1.30471	50:60:28:32:ac:90
3	103.87358	1.30427	50:60:28:32:ac:a0
3	103.87358	1.30427	50:60:28:32:ac:a1
3	103.87358	1.30427	50:60:28:32:ac:a2
3	103.87358	1.30427	50:60:28:32:ac:b0
3	103.87358	1.30427	50:60:28:32:ac:b1
3	103.87358	1.30427	50:60:28:32:ac:b2
4	103.87494	1.30395	50:60:28:32:ac:c0
4	103.87494	1.30395	50:60:28:32:ac:c1
3	103.87499	1.30411	50:60:28:32:ac:e0
3	103.87499	1.30411	50:60:28:32:ac:e1
3	103.87499	1.30422	50:60:28:32:ac:f0
3	103.87499	1.30411	50:60:28:32:ac:f1
3	103.87506	1.3047	50:60:28:32:ad:00
3	103.87506	1.3047	50:60:28:32:ad:10
3	103.87506	1.3047	50:60:28:32:ad:11
3	103.87515	1.30496	50:60:28:32:ad:20
3	103.87515	1.30496	50:60:28:32:ad:21
3	103.87515	1.30496	50:60:28:32:ad:22
3	103.87515	1.30496	50:60:28:32:ad:32
3	103.87409	1.30497	50:60:28:32:ad:40
3	103.87409	1.30497	50:60:28:32:ad:50
3	103.87386	1.30392	50:60:28:32:ad:60
3	103.87386	1.30392	50:60:28:32:ad:70
3	103.87485	1.30527	50:60:28:32:ad:80
3	103.87485	1.30527	50:60:28:32:ad:81
3	103.87485	1.30527	50:60:28:32:ad:90
3	103.87485	1.30527	50:60:28:32:ad:91
4	103.87407	1.30354	50:60:28:32:ad:a0
3	103.87518	1.30435	50:60:28:32:ad:c0
3	103.87518	1.30435	50:60:28:32:ad:c1
3	103.87517	1.30454	50:60:28:32:ad:c2
3	103.87517	1.30454	50:60:28:32:ad:d2
3	103.87418	1.30521	50:60:28:32:ad:e0
3	103.87418	1.30521	50:60:28:32:ad:f0
3	103.87411	1.30352	50:60:28:32:ae:00
3	103.87411	1.30352	50:60:28:32:ae:01
3	103.87411	1.30352	50:60:28:32:ae:10
3	103.87411	1.30352	50:60:28:32:ae:11
4	103.87503	1.30544	50:60:28:32:ae:20
4	103.87503	1.30544	50:60:28:32:ae:30
4	103.8734	1.30472	50:60:28:32:ae:50
3	103.8751	1.30436	50:60:28:32:ae:80
3	103.8751	1.30436	50:60:28:32:ae:81
3	103.8751	1.30436	50:60:28:32:ae:90
3	103.8751	1.30436	50:60:28:32:ae:91
3	103.8737	1.30408	50:60:28:32:ae:a0
3	103.8737	1.30408	50:60:28:32:ae:a1
3	103.8737	1.30408	50:60:28:32:ae:a2
3	103.8737	1.30408	50:60:28:32:ae:b0
3	103.8737	1.30408	50:60:28:32:ae:b1
3	103.8737	1.30408	50:60:28:32:ae:b2
4	103.87417	1.30541	50:60:28:32:ae:c0
3	103.87398	1.30507	50:60:28:32:ae:e0
3	103.87398	1.30507	50:60:28:32:ae:f0
3	103.87354	1.30438	50:60:28:32:af:00
3	103.87354	1.30438	50:60:28:32:af:01
3	103.87354	1.30438	50:60:28:32:af:02
3	103.87354	1.30438	50:60:28:32:af:10
3	103.87354	1.30438	50:60:28:32:af:11
3	103.87354	1.30438	50:60:28:32:af:12
3	103.8742	1.30505	50:60:28:32:af:20
3	103.8742	1.30505	50:60:28:32:af:21
3	103.8742	1.30505	50:60:28:32:af:30
3	103.8742	1.30505	50:60:28:32:af:31
3	103.87382	1.30384	50:60:28:32:af:40
3	103.87382	1.30384	50:60:28:32:af:41
3	103.87348	1.30449	50:60:28:32:af:60
3	103.87348	1.30449	50:60:28:32:af:61
3	103.87348	1.30449	50:60:28:32:af:62
3	103.87348	1.30449	50:60:28:32:af:70
3	103.87348	1.30449	50:60:28:32:af:71
3	103.87348	1.30449	50:60:28:32:af:72
3	103.87451	1.30381	50:60:28:32:af:80
3	103.87451	1.30381	50:60:28:32:af:81
4	103.87463	1.30372	50:60:28:32:af:c0
4	103.87463	1.30372	50:60:28:32:af:d0
4	103.87428	1.30359	50:60:28:32:af:e0
3	103.87462	1.30524	50:60:28:32:b0:00
3	103.87462	1.30524	50:60:28:32:b0:01
3	103.87462	1.30524	50:60:28:32:b0:10
3	103.87462	1.30524	50:60:28:32:b0:11
3	103.87366	1.30405	50:60:28:32:b0:20
3	103.87366	1.30405	50:60:28:32:b0:21
3	103.87366	1.30405	50:60:28:32:b0:22
3	103.87366	1.30405	50:60:28:32:b0:30
3	103.87366	1.30405	50:60:28:32:b0:31
3	103.87366	1.30405	50:60:28:32:b0:32
3	103.87372	1.30377	50:60:28:32:b0:40
3	103.87372	1.30377	50:60:28:32:b0:41
3	103.87372	1.30377	50:60:28:32:b0:50
3	103.87372	1.30377	50:60:28:32:b0:51
3	103.8751	1.30478	50:60:28:32:b0:80
3	103.8751	1.30478	50:60:28:32:b0:81
3	103.8751	1.30478	50:60:28:32:b0:82
3	103.8751	1.30478	50:60:28:32:b0:92
3	103.87442	1.30381	50:60:28:32:b0:a0
3	103.87442	1.30381	50:60:28:32:b0:a1
4	103.87439	1.30551	50:60:28:32:b0:c0
4	103.87439	1.30551	50:60:28:32:b0:d0
3	103.87421	1.30516	50:60:28:32:b0:e0
3	103.87421	1.30516	50:60:28:32:b0:f0
3	103.87358	1.30438	50:60:28:32:b1:00
3	103.87358	1.30438	50:60:28:32:b1:01
3	103.87358	1.30438	50:60:28:32:b1:02
3	103.87358	1.30438	50:60:28:32:b1:10
3	103.87358	1.30438	50:60:28:32:b1:11
3	103.87358	1.30438	50:60:28:32:b1:12
3	103.87397	1.30377	50:60:28:32:b1:20
3	103.87397	1.30377	50:60:28:32:b1:21
3	103.87397	1.30373	50:60:28:32:b1:30
3	103.87397	1.30373	50:60:28:32:b1:31
3	103.87349	1.30438	50:60:28:32:b1:40
3	103.87349	1.30438	50:60:28:32:b1:41
3	103.87349	1.30438	50:60:28:32:b1:50
3	103.87349	1.30438	50:60:28:32:b1:51
4	103.87471	1.30381	50:60:28:32:b1:60
4	103.87471	1.30381	50:60:28:32:b1:61
4	103.87509	1.30529	50:60:28:32:b1:80
4	103.87509	1.30529	50:60:28:32:b1:90
4	103.87509	1.30529	50:60:28:32:b1:a0
4	103.87409	1.30532	50:60:28:32:b5:40
3	103.87355	1.30447	50:60:28:32:b5:80
3	103.87355	1.30447	50:60:28:32:b5:81
3	103.87355	1.30447	50:60:28:32:b5:82
3	103.87354	1.30455	50:60:28:32:b5:90
3	103.87355	1.30447	50:60:28:32:b5:91
3	103.87355	1.30447	50:60:28:32:b5:92
3	103.87354	1.30455	50:60:28:32:b6:c0
3	103.87354	1.30455	50:60:28:32:b6:c1
3	103.87351	1.30449	50:60:28:32:b6:c2
3	103.87354	1.30455	50:60:28:32:b6:d0
3	103.87354	1.30455	50:60:28:32:b6:d1
3	103.87351	1.30449	50:60:28:32:b6:d2
3	103.87455	1.304	50:60:28:32:b8:60
3	103.87455	1.304	50:60:28:32:b8:61
3	103.87455	1.304	50:60:28:32:b8:70
3	103.87455	1.304	50:60:28:32:bb:60
3	103.87455	1.304	50:60:28:32:bb:61
3	103.87455	1.304	50:60:28:32:bb:70
3	103.87455	1.304	50:60:28:32:bb:71
3	103.87441	1.30375	50:60:28:32:bb:80
3	103.87441	1.30375	50:60:28:32:bb:81
3	103.87441	1.30375	50:60:28:32:bb:90
4	103.8744	1.30547	50:60:28:32:bb:a0
4	103.8744	1.30547	50:60:28:32:bb:b0
3	103.87358	1.30399	50:60:28:32:bb:e0
3	103.87358	1.30399	50:60:28:32:bb:e1
3	103.87358	1.30399	50:60:28:32:bb:e2
3	103.87493	1.30516	50:60:28:32:bc:20
3	103.87493	1.30516	50:60:28:32:bc:21
3	103.87493	1.30516	50:60:28:32:bc:30
3	103.87493	1.30516	50:60:28:32:bc:31
3	103.87358	1.3041	50:60:28:32:bc:50
3	103.87358	1.3041	50:60:28:32:bc:51
3	103.87517	1.30479	50:60:28:32:bc:60
3	103.87517	1.30479	50:60:28:32:bc:61
3	103.87517	1.30479	50:60:28:32:bc:70
3	103.87517	1.30479	50:60:28:32:bc:71
3	103.87481	1.30514	50:60:28:32:bc:a0
3	103.87481	1.30514	50:60:28:32:bc:a1
4	103.87407	1.30534	50:60:28:32:bd:00
4	103.87407	1.30534	50:60:28:32:bd:10
4	103.87532	1.30492	50:60:28:32:bd:21
4	103.87532	1.30492	50:60:28:32:bd:30
4	103.87512	1.30538	50:60:28:32:bd:40
4	103.87512	1.30538	50:60:28:32:bd:50
4	103.87508	1.30534	50:60:28:32:bd:60
4	103.87508	1.30534	50:60:28:32:bd:70
3	103.87476	1.30521	50:60:28:32:bd:80
3	103.87476	1.30521	50:60:28:32:bd:81
3	103.87493	1.30402	50:60:28:32:bd:b0
3	103.87493	1.30402	50:60:28:32:bd:b1
3	103.87491	1.30431	50:60:28:32:bd:c0
3	103.87491	1.30431	50:60:28:32:bd:c1
3	103.87491	1.30431	50:60:28:32:bd:d0
3	103.87491	1.30431	50:60:28:32:bd:d1
3	103.87482	1.30531	50:60:28:32:bd:e0
3	103.87482	1.30531	50:60:28:32:bd:e1
3	103.87482	1.30531	50:60:28:32:bd:f0
3	103.87482	1.30531	50:60:28:32:bd:f1
4	103.87498	1.30537	50:60:28:32:be:00
4	103.87498	1.30537	50:60:28:32:be:10
4	103.87517	1.30422	50:60:28:32:be:20
4	103.87517	1.30422	50:60:28:32:be:21
3	103.87467	1.30533	50:60:28:32:be:80
3	103.87467	1.30533	50:60:28:32:be:81
3	103.87467	1.30533	50:60:28:32:be:90
3	103.87467	1.30533	50:60:28:32:be:91
3	103.8744	1.30365	50:60:28:32:be:a0
3	103.8744	1.30365	50:60:28:32:be:b0
3	103.87363	1.30471	50:60:28:32:be:c0
3	103.87363	1.30471	50:60:28:32:be:c1
3	103.87363	1.30471	50:60:28:32:be:c2
3	103.87363	1.30471	50:60:28:32:be:d0
3	103.87363	1.30471	50:60:28:32:be:d1
3	103.87363	1.30471	50:60:28:32:be:d2
3	103.87481	1.30405	50:60:28:32:be:e0
3	103.87481	1.30405	50:60:28:32:be:e1
3	103.87484	1.30392	50:60:28:32:be:f0
3	103.87484	1.30392	50:60:28:32:be:f2
3	103.87408	1.30509	50:60:28:32:c0:a0
3	103.87408	1.30509	50:60:28:32:c0:a1
3	103.87408	1.30509	50:60:28:32:c0:b0
4	103.87359	1.3049	50:60:28:32:c3:60
4	103.87359	1.3049	50:60:28:32:c3:70
3	103.87347	1.30426	50:60:28:32:c3:80
3	103.87347	1.30426	50:60:28:32:c3:81
3	103.87347	1.30426	50:60:28:32:c3:82
3	103.87347	1.30426	50:60:28:32:c3:90
3	103.87347	1.30426	50:60:28:32:c3:91
4	103.87348	1.30483	50:60:28:32:c3:a0
4	103.87348	1.30483	50:60:28:32:c3:b0
3	103.87445	1.30367	50:60:28:32:c3:d0
3	103.87445	1.30367	50:60:28:32:c3:d1
3	103.87457	1.30529	50:60:28:32:c3:e0
3	103.87457	1.30529	50:60:28:32:c3:f0
4	103.87477	1.30549	50:60:28:32:c4:00
4	103.87477	1.30549	50:60:28:32:c4:10
4	103.87394	1.30522	50:60:28:32:c4:20
4	103.87394	1.30522	50:60:28:32:c4:30
3	103.87364	1.3042	50:60:28:32:c4:40
3	103.87364	1.3042	50:60:28:32:c4:41
3	103.87364	1.3042	50:60:28:32:c4:42
3	103.87364	1.3042	50:60:28:32:c4:50
3	103.87364	1.3042	50:60:28:32:c4:51
3	103.87486	1.304	50:60:28:32:c4:60
3	103.87486	1.304	50:60:28:32:c4:61
4	103.87379	1.30509	50:60:28:32:c4:80
4	103.87379	1.30509	50:60:28:32:c4:81
4	103.87379	1.30509	50:60:28:32:c4:90
4	103.87379	1.30509	50:60:28:32:c4:91
3	103.87484	1.30394	50:60:28:32:c4:a0
3	103.87484	1.30394	50:60:28:32:c4:a1
3	103.87481	1.30408	50:60:28:32:c4:b0
3	103.87371	1.30469	50:60:28:32:c4:c0
3	103.87371	1.30469	50:60:28:32:c4:c1
3	103.87371	1.30469	50:60:28:32:c4:c2
3	103.87371	1.30469	50:60:28:32:c4:d0
3	103.87371	1.30469	50:60:28:32:c4:d1
3	103.87371	1.30469	50:60:28:32:c4:d2
4	103.875	1.3054	50:60:28:32:c4:e0
4	103.875	1.3054	50:60:28:32:c4:f0
3	103.87369	1.30467	50:60:28:32:c5:00
3	103.87369	1.30467	50:60:28:32:c5:01
3	103.87369	1.30467	50:60:28:32:c5:10
3	103.87369	1.30467	50:60:28:32:c5:11
3	103.87388	1.30496	50:60:28:32:c5:20
3	103.87388	1.30496	50:60:28:32:c5:21
3	103.87478	1.30525	50:60:28:32:c5:40
3	103.87478	1.30525	50:60:28:32:c5:41
3	103.87456	1.30534	50:60:28:32:c6:80
3	103.87456	1.30534	50:60:28:32:c6:81
3	103.87456	1.30534	50:60:28:32:c6:90
3	103.87456	1.30534	50:60:28:32:c6:91
3	103.87426	1.30525	50:60:28:32:c6:c0
3	103.87426	1.30525	50:60:28:32:c6:c1
3	103.87426	1.30525	50:60:28:32:c6:d0
3	103.87426	1.30525	50:60:28:32:c6:d1
4	103.87544	1.3048	50:60:28:32:c6:e0
4	103.87385	1.30517	50:60:28:32:c7:00
4	103.87385	1.30517	50:60:28:32:c7:10
3	103.87465	1.30377	50:60:28:32:c7:20
3	103.87465	1.30377	50:60:28:32:c7:21
3	103.87462	1.3039	50:60:28:32:c7:30
3	103.87462	1.3039	50:60:28:32:c7:31
3	103.87507	1.30421	50:60:28:32:c7:42
3	103.8749	1.30405	50:60:28:32:c7:60
3	103.87488	1.3042	50:60:28:32:c7:61
3	103.87488	1.3042	50:60:28:32:c7:71
3	103.87372	1.30477	50:60:28:32:c7:80
3	103.87372	1.30477	50:60:28:32:c7:81
3	103.87372	1.30477	50:60:28:32:c7:82
3	103.87372	1.30477	50:60:28:32:c7:90
3	103.87372	1.30477	50:60:28:32:c7:91
3	103.87372	1.30477	50:60:28:32:c7:92
4	103.87397	1.30524	50:60:28:32:ca:60
4	103.87397	1.30524	50:60:28:32:ca:70
3	103.87359	1.30445	50:60:28:32:ca:a0
3	103.87359	1.30445	50:60:28:32:ca:a1
3	103.87359	1.30445	50:60:28:32:ca:a2
3	103.87359	1.30445	50:60:28:32:ca:b0
3	103.87359	1.30445	50:60:28:32:ca:b1
3	103.87359	1.30445	50:60:28:32:ca:b2
3	103.87436	1.30533	50:60:28:32:ca:c0
3	103.87436	1.30533	50:60:28:32:ca:c1
3	103.87436	1.30533	50:60:28:32:ca:d1
3	103.87488	1.30434	50:60:28:32:ca:e2
3	103.87493	1.30417	50:60:28:32:ca:f0
3	103.87493	1.30417	50:60:28:32:ca:f1
3	103.87488	1.30434	50:60:28:32:ca:f2
4	103.87387	1.30515	50:60:28:32:cb:00
4	103.87387	1.30515	50:60:28:32:cb:01
4	103.87387	1.30515	50:60:28:32:cb:10
4	103.87387	1.30515	50:60:28:32:cb:11
3	103.87403	1.30363	50:60:28:32:cb:20
3	103.87403	1.30363	50:60:28:32:cb:21
3	103.87403	1.30363	50:60:28:32:cb:30
3	103.87403	1.30363	50:60:28:32:cb:31
3	103.87371	1.30479	50:60:28:32:cb:40
3	103.87371	1.30479	50:60:28:32:cb:41
3	103.87371	1.30479	50:60:28:32:cb:50
3	103.87459	1.30394	50:60:28:32:cb:60
3	103.87459	1.30394	50:60:28:32:cb:70
4	103.87526	1.30435	50:60:28:32:cb:80
3	103.87361	1.304	50:60:28:32:cb:e0
3	103.87361	1.304	50:60:28:32:cb:e1
3	103.87386	1.30484	50:60:28:32:cc:00
3	103.87386	1.30484	50:60:28:32:cc:10
4	103.87375	1.30511	50:60:28:32:cc:20
4	103.87375	1.30511	50:60:28:32:cc:21
4	103.87375	1.30511	50:60:28:32:cc:30
4	103.87375	1.30511	50:60:28:32:cc:31
3	103.87446	1.30364	50:60:28:32:d4:60
3	103.87446	1.30364	50:60:28:32:d4:61
3	103.87499	1.30411	50:60:28:32:d4:e0
3	103.87499	1.30411	50:60:28:32:d4:e1
3	103.87497	1.30424	50:60:28:32:d4:e2
3	103.87499	1.30411	50:60:28:32:d4:f0
3	103.87499	1.30411	50:60:28:32:d4:f1
3	103.87497	1.30424	50:60:28:32:d4:f2
3	103.87461	1.30519	50:60:28:32:d5:40
3	103.87461	1.30519	50:60:28:32:d5:41
4	103.87419	1.30538	50:60:28:32:d6:e0
4	103.87419	1.30538	50:60:28:32:d6:f0
3	103.87411	1.30504	50:60:28:32:d7:00
3	103.87411	1.30504	50:60:28:32:d7:01
3	103.87411	1.30504	50:60:28:32:d7:10
3	103.87462	1.30529	50:60:28:32:e4:c0
3	103.87462	1.30529	50:60:28:32:e4:c1
3	103.87462	1.30529	50:60:28:32:e4:d0
3	103.87462	1.30529	50:60:28:32:e4:d1
3	103.87435	1.30363	50:60:28:32:ec:e0
3	103.87435	1.30363	50:60:28:32:ec:e1
3	103.87377	1.30373	50:60:28:32:ed:a0
3	103.87377	1.30373	50:60:28:32:ed:a1
3	103.87377	1.30373	50:60:28:32:ed:b0
3	103.87377	1.30373	50:60:28:32:ed:b1
3	103.8747	1.30405	50:60:28:32:f0:00
3	103.8747	1.30405	50:60:28:32:f0:10
3	103.87388	1.30496	50:60:28:32:f1:40
3	103.87388	1.30496	50:60:28:32:f1:50
3	103.87496	1.3052	50:60:28:32:f1:80
3	103.87496	1.3052	50:60:28:32:f1:81
4	103.87521	1.30423	50:60:28:32:f1:a0
4	103.87521	1.30423	50:60:28:32:f1:a1
3	103.8752	1.30478	50:60:28:32:f2:00
4	103.87388	1.30541	50:60:28:32:f2:20
4	103.87388	1.30541	50:60:28:32:f2:30
3	103.87444	1.30369	50:60:28:32:f2:40
3	103.87444	1.30369	50:60:28:32:f2:41
3	103.87444	1.30369	50:60:28:32:f2:50
3	103.87369	1.30374	50:60:28:32:f2:60
3	103.87369	1.30374	50:60:28:32:f2:61
4	103.87478	1.30546	50:60:28:32:f2:80
4	103.87478	1.30546	50:60:28:32:f2:90
3	103.87508	1.30418	50:60:28:32:f2:a0
3	103.87508	1.30418	50:60:28:32:f2:a1
3	103.87507	1.30431	50:60:28:32:f2:a2
3	103.87507	1.30431	50:60:28:32:f2:b2
3	103.8744	1.30521	50:60:28:32:f2:c0
3	103.8744	1.30521	50:60:28:32:f2:c1
3	103.8744	1.30521	50:60:28:32:f2:c2
3	103.8744	1.30521	50:60:28:32:f2:d0
3	103.8744	1.30521	50:60:28:32:f2:d1
3	103.8744	1.30521	50:60:28:32:f2:d2
4	103.87407	1.30357	50:60:28:32:f2:e0
4	103.87407	1.30357	50:60:28:32:f2:e1
3	103.87403	1.30357	50:60:28:32:f3:00
4	103.87535	1.30469	50:60:28:32:f3:20
4	103.87535	1.30469	50:60:28:32:f3:21
3	103.87403	1.30354	50:60:28:32:f3:60
3	103.87403	1.30354	50:60:28:32:f3:61
3	103.87403	1.30354	50:60:28:32:f3:70
3	103.87403	1.30354	50:60:28:32:f3:71
4	103.87504	1.30405	50:60:28:32:f3:80
4	103.87504	1.30405	50:60:28:32:f3:81
4	103.87504	1.30405	50:60:28:32:f3:90
4	103.87504	1.30405	50:60:28:32:f3:91
3	103.87464	1.30379	50:60:28:32:f3:c0
3	103.87464	1.30379	50:60:28:32:f3:c1
3	103.87385	1.30388	50:60:28:32:f3:e0
3	103.87385	1.30388	50:60:28:32:f3:e1
4	103.8751	1.30414	50:60:28:32:f4:00
4	103.8751	1.30414	50:60:28:32:f4:10
3	103.87501	1.30515	50:60:28:32:f4:20
3	103.87501	1.30515	50:60:28:32:f4:21
3	103.87501	1.30515	50:60:28:32:f4:30
3	103.87501	1.30515	50:60:28:32:f4:31
3	103.8752	1.30434	50:60:28:32:f4:40
3	103.8752	1.30434	50:60:28:32:f4:41
3	103.87519	1.30451	50:60:28:32:f4:42
3	103.87519	1.30451	50:60:28:32:f4:52
3	103.87365	1.30371	50:60:28:32:f4:60
3	103.87365	1.30371	50:60:28:32:f4:61
3	103.87365	1.30371	50:60:28:32:f4:70
3	103.87365	1.30371	50:60:28:32:f4:71
3	103.87515	1.3047	50:60:28:32:f4:80
3	103.87515	1.3047	50:60:28:32:f4:81
4	103.87535	1.30493	50:60:28:32:f4:a0
4	103.87535	1.30493	50:60:28:32:f4:a1
4	103.87533	1.30445	50:60:28:32:f4:c0
4	103.87533	1.30445	50:60:28:32:f4:c1
3	103.8741	1.30362	50:60:28:32:f4:f0
3	103.8741	1.30362	50:60:28:32:f4:f1
4	103.87331	1.30489	50:60:28:32:f5:20
4	103.87331	1.30489	50:60:28:32:f5:30
3	103.87505	1.30422	50:60:28:32:f5:40
3	103.87505	1.30422	50:60:28:32:f5:41
3	103.87505	1.30422	50:60:28:32:f5:50
3	103.87505	1.30422	50:60:28:32:f5:51
3	103.87503	1.30437	50:60:28:32:f5:52
3	103.87411	1.30354	50:60:28:32:f5:70
3	103.87411	1.30354	50:60:28:32:f5:71
3	103.87404	1.30364	50:60:28:32:f5:80
3	103.87404	1.30364	50:60:28:32:f5:81
3	103.87378	1.30361	50:60:28:32:f5:e0
3	103.87378	1.30361	50:60:28:32:f5:e1
3	103.87367	1.30414	50:60:28:32:f6:00
3	103.87367	1.30414	50:60:28:32:f6:01
3	103.87367	1.30414	50:60:28:32:f6:02
3	103.87371	1.30366	50:60:28:32:f6:20
3	103.87371	1.30366	50:60:28:32:f6:21
3	103.87371	1.30366	50:60:28:32:f6:30
3	103.87371	1.30366	50:60:28:32:f6:31
3	103.87438	1.30368	50:60:28:32:f6:40
3	103.87438	1.30368	50:60:28:32:f6:41
3	103.87438	1.30368	50:60:28:32:f6:50
3	103.87404	1.30382	50:60:28:32:f6:60
3	103.87403	1.30362	50:60:28:32:f6:61
3	103.87404	1.30382	50:60:28:32:f6:70
3	103.87403	1.30362	50:60:28:32:f6:71
4	103.87541	1.30493	50:60:28:32:f6:80
4	103.87541	1.30493	50:60:28:32:f6:90
3	103.87459	1.30385	50:60:28:32:f6:a0
3	103.87459	1.30385	50:60:28:32:f6:b0
3	103.87459	1.30385	50:60:28:32:f6:b1
3	103.87411	1.30355	50:60:28:32:f6:e0
3	103.87411	1.30355	50:60:28:32:f6:e1
3	103.87411	1.30355	50:60:28:32:f6:f0
3	103.87411	1.30355	50:60:28:32:f6:f1
3	103.87376	1.30474	50:60:28:32:f7:00
3	103.87376	1.30474	50:60:28:32:f7:01
3	103.87376	1.30471	50:60:28:32:f7:02
3	103.87376	1.30474	50:60:28:32:f7:10
3	103.87376	1.30474	50:60:28:32:f7:11
3	103.87376	1.30471	50:60:28:32:f7:12
3	103.87379	1.30471	50:60:28:32:f7:20
3	103.87379	1.30471	50:60:28:32:f7:30
3	103.87409	1.30365	50:60:28:32:f7:40
3	103.87409	1.30365	50:60:28:32:f7:41
4	103.87387	1.30517	50:60:28:32:f7:60
4	103.87387	1.30517	50:60:28:32:f7:61
4	103.87387	1.30517	50:60:28:32:f7:70
4	103.87387	1.30517	50:60:28:32:f7:71
3	103.87488	1.30407	50:60:28:32:f7:80
3	103.87488	1.30407	50:60:28:32:f7:81
3	103.87485	1.30423	50:60:28:32:f7:82
3	103.87485	1.30423	50:60:28:32:f7:92
4	103.87417	1.30354	50:60:28:32:f7:a0
4	103.87417	1.30354	50:60:28:32:f7:a1
4	103.87417	1.30354	50:60:28:32:f7:b0
3	103.87521	1.30487	50:60:28:32:f7:c0
3	103.87521	1.30487	50:60:28:32:f7:c1
3	103.87521	1.30487	50:60:28:32:f7:d0
3	103.87478	1.30399	50:60:28:32:f7:e0
3	103.87478	1.30399	50:60:28:32:f7:e1
3	103.87387	1.30374	50:60:28:32:f8:00
3	103.87387	1.30374	50:60:28:32:f8:01
3	103.87387	1.30374	50:60:28:32:f8:02
3	103.87387	1.30374	50:60:28:32:f8:10
3	103.87387	1.30374	50:60:28:32:f8:11
3	103.87387	1.30374	50:60:28:32:f8:12
3	103.87442	1.30363	50:60:28:32:f8:20
3	103.87442	1.30363	50:60:28:32:f8:21
3	103.87354	1.30455	50:60:28:32:f8:40
3	103.87354	1.30455	50:60:28:32:f8:41
3	103.87354	1.30455	50:60:28:32:f8:51
3	103.87354	1.30455	50:60:28:32:f8:52
3	103.87494	1.30427	50:60:28:32:f8:60
3	103.87494	1.30427	50:60:28:32:f8:61
3	103.87494	1.30427	50:60:28:32:f8:70
3	103.87494	1.30427	50:60:28:32:f8:71
4	103.87486	1.30543	50:60:28:32:f8:80
4	103.87486	1.30543	50:60:28:32:f8:90
4	103.87514	1.30523	50:60:28:32:f8:a0
4	103.87514	1.30523	50:60:28:32:f8:a1
4	103.87514	1.30523	50:60:28:32:f8:b0
4	103.87514	1.30523	50:60:28:32:f8:b1
3	103.87393	1.30389	50:60:28:32:f8:c0
3	103.87393	1.30389	50:60:28:32:f8:c1
3	103.87393	1.30389	50:60:28:32:f8:d0
3	103.87393	1.30389	50:60:28:32:f8:d1
3	103.87393	1.30389	50:60:28:32:f8:d2
4	103.87528	1.30433	50:60:28:32:f9:60
4	103.87528	1.30433	50:60:28:32:f9:61
4	103.87442	1.30361	50:60:28:32:f9:80
4	103.87442	1.30361	50:60:28:32:f9:81
4	103.87442	1.30361	50:60:28:32:f9:90
4	103.87442	1.30361	50:60:28:32:f9:91
3	103.87501	1.30426	50:60:28:32:f9:a0
3	103.87501	1.30426	50:60:28:32:f9:a1
3	103.87497	1.30444	50:60:28:32:f9:a2
3	103.87501	1.30426	50:60:28:32:f9:b0
3	103.87501	1.30426	50:60:28:32:f9:b1
3	103.87497	1.30444	50:60:28:32:f9:b2
4	103.87487	1.30546	50:60:28:32:f9:c0
4	103.87382	1.30514	50:60:28:32:f9:e0
4	103.87382	1.30514	50:60:28:32:f9:f0
3	103.87374	1.30369	50:60:28:32:fa:00
3	103.87374	1.30369	50:60:28:32:fa:01
3	103.87513	1.30435	50:60:28:32:fa:40
3	103.87513	1.30435	50:60:28:32:fa:41
3	103.87511	1.30451	50:60:28:32:fa:42
3	103.87511	1.30451	50:60:28:32:fa:52
3	103.87471	1.30403	50:60:28:32:fa:60
3	103.87471	1.30403	50:60:28:32:fa:61
3	103.87471	1.30403	50:60:28:32:fa:70
3	103.87406	1.30494	50:60:28:32:fa:80
3	103.87406	1.30494	50:60:28:32:fa:90
3	103.87439	1.30526	50:60:28:32:fa:a0
3	103.87439	1.30526	50:60:28:32:fa:b0
3	103.87439	1.30526	50:60:28:32:fa:b1
3	103.87508	1.30439	50:60:28:32:fa:c0
3	103.87509	1.30425	50:60:28:32:fa:c2
3	103.87508	1.30439	50:60:28:32:fa:d0
3	103.87509	1.30425	50:60:28:32:fa:d2
3	103.87475	1.30387	50:60:28:32:fa:e0
3	103.87475	1.30387	50:60:28:32:fa:e1
4	103.87361	1.30499	50:60:28:32:fb:00
4	103.87361	1.30499	50:60:28:32:fb:10
3	103.87433	1.3037	50:60:28:32:fb:40
3	103.87433	1.3037	50:60:28:32:fb:41
3	103.87471	1.30389	50:60:28:32:fb:60
3	103.87471	1.30389	50:60:28:32:fb:61
3	103.87471	1.30389	50:60:28:32:fb:70
4	103.87482	1.3039	50:60:28:32:fb:80
4	103.87482	1.3039	50:60:28:32:fb:81
3	103.87453	1.30404	50:60:28:32:fb:b0
3	103.87453	1.30404	50:60:28:32:fb:b1
3	103.87473	1.30389	50:60:28:32:fc:00
3	103.87473	1.30389	50:60:28:32:fc:01
3	103.87522	1.30469	50:60:28:32:fc:20
3	103.87522	1.30469	50:60:28:32:fc:21
3	103.87522	1.30469	50:60:28:32:fc:22
3	103.87522	1.30469	50:60:28:32:fc:30
3	103.87522	1.30469	50:60:28:32:fc:31
3	103.87522	1.30469	50:60:28:32:fc:32
3	103.87451	1.30389	50:60:28:32:fc:40
3	103.87451	1.30389	50:60:28:32:fc:41
3	103.87513	1.30456	50:60:28:32:fc:60
3	103.87513	1.30456	50:60:28:32:fc:61
3	103.87505	1.30464	50:60:28:32:fc:62
3	103.87505	1.30464	50:60:28:32:fc:72
4	103.87463	1.30374	50:60:28:33:27:e0
4	103.87463	1.30374	50:60:28:33:27:e1
3	103.87475	1.30526	50:60:28:34:ff:00
3	103.87475	1.30526	50:60:28:34:ff:01
3	103.8737	1.30365	50:60:28:35:08:40
3	103.8737	1.30365	50:60:28:35:08:41
3	103.87437	1.30372	50:60:28:35:17:60
3	103.87437	1.30372	50:60:28:35:17:61
3	103.87437	1.30372	50:60:28:35:17:70
3	103.87437	1.30372	50:60:28:35:17:71
3	103.8745	1.30371	50:60:28:35:1c:20
3	103.8745	1.30371	50:60:28:35:1c:21
3	103.87515	1.30479	50:60:28:35:26:c0
3	103.8752	1.30478	50:60:28:35:26:c1
3	103.87516	1.30449	50:60:28:35:27:00
3	103.87516	1.30449	50:60:28:35:27:10
3	103.87513	1.30501	50:60:28:35:27:60
3	103.87513	1.30501	50:60:28:35:27:61
3	103.87367	1.30463	50:60:28:35:40:e0
3	103.87367	1.30463	50:60:28:35:40:e1
3	103.87367	1.30463	50:60:28:35:40:e2
3	103.87367	1.30463	50:60:28:35:40:f0
3	103.87367	1.30463	50:60:28:35:40:f1
3	103.87367	1.30463	50:60:28:35:40:f2
3	103.87372	1.30462	50:60:28:35:54:e0
3	103.87372	1.30462	50:60:28:35:54:e1
3	103.87372	1.30462	50:60:28:35:54:f0
3	103.87372	1.30462	50:60:28:35:54:f2
3	103.87404	1.30499	50:60:28:38:16:c0
3	103.87404	1.30499	50:60:28:38:16:c1
3	103.87404	1.30499	50:60:28:38:16:d0
3	103.87404	1.30499	50:60:28:38:16:d1
5	103.87492	1.30379	50:60:28:5a:25:20
5	103.87492	1.30379	50:60:28:5a:25:30
3	103.87385	1.30499	50:60:28:2a:c6:41
3	103.87385	1.30499	50:60:28:2a:c6:51
3	103.87351	1.30417	50:60:28:2a:f9:30
3	103.87351	1.30417	50:60:28:2a:f9:31
3	103.87404	1.30515	50:60:28:2c:f9:61
3	103.87404	1.30515	50:60:28:2c:f9:62
3	103.87404	1.30515	50:60:28:2c:f9:72
3	103.87438	1.30528	50:60:28:32:72:42
3	103.87438	1.30528	50:60:28:32:72:52
3	103.87366	1.3047	50:60:28:32:78:d2
3	103.87414	1.305	50:60:28:32:79:61
3	103.87414	1.305	50:60:28:32:79:71
3	103.87362	1.30412	50:60:28:32:79:d0
3	103.87362	1.30412	50:60:28:32:79:d2
3	103.87435	1.30513	50:60:28:32:8d:81
3	103.87435	1.30513	50:60:28:32:8d:91
3	103.87463	1.30531	50:60:28:32:8d:a2
3	103.87463	1.30531	50:60:28:32:8d:b0
3	103.87463	1.30531	50:60:28:32:8d:b1
3	103.87463	1.30531	50:60:28:32:8d:b2
3	103.87406	1.30513	50:60:28:32:95:c2
3	103.87406	1.30513	50:60:28:32:95:d2
3	103.87427	1.30529	50:60:28:32:96:c2
3	103.87427	1.30529	50:60:28:32:96:d1
3	103.87382	1.30487	50:60:28:32:96:e1
3	103.87382	1.30487	50:60:28:32:96:e2
3	103.87382	1.30487	50:60:28:32:96:f1
3	103.87382	1.30487	50:60:28:32:96:f2
3	103.87416	1.30523	50:60:28:32:97:81
3	103.87416	1.30523	50:60:28:32:97:91
3	103.87462	1.30536	50:60:28:32:97:a2
3	103.87462	1.30536	50:60:28:32:97:b0
3	103.87462	1.30536	50:60:28:32:97:b1
3	103.87462	1.30536	50:60:28:32:97:b2
3	103.87442	1.30517	50:60:28:32:98:e2
3	103.87442	1.30517	50:60:28:32:98:f1
3	103.87442	1.30517	50:60:28:32:98:f2
3	103.8743	1.30522	50:60:28:32:99:01
3	103.8743	1.30522	50:60:28:32:99:11
3	103.87363	1.30427	50:60:28:32:9f:c2
3	103.87363	1.30427	50:60:28:32:9f:d2
3	103.87351	1.30407	50:60:28:32:aa:f2
3	103.8736	1.3042	50:60:28:32:ab:90
3	103.8736	1.3042	50:60:28:32:ab:91
3	103.8736	1.3042	50:60:28:32:ab:92
3	103.87355	1.30418	50:60:28:32:ab:d2
3	103.87409	1.30497	50:60:28:32:ad:41
3	103.87409	1.30497	50:60:28:32:ad:51
3	103.87418	1.30521	50:60:28:32:ad:e1
3	103.87418	1.30521	50:60:28:32:ad:f1
3	103.87462	1.30524	50:60:28:32:b0:02
3	103.87462	1.30524	50:60:28:32:b0:12
3	103.87358	1.30399	50:60:28:32:bb:f0
3	103.87358	1.30399	50:60:28:32:bb:f1
3	103.87358	1.30399	50:60:28:32:bb:f2
3	103.87408	1.30509	50:60:28:32:c0:a2
3	103.87408	1.30509	50:60:28:32:c0:b1
3	103.87408	1.30509	50:60:28:32:c0:b2
3	103.87347	1.30426	50:60:28:32:c3:92
3	103.87364	1.3042	50:60:28:32:c4:52
3	103.87369	1.30467	50:60:28:32:c5:02
3	103.87369	1.30467	50:60:28:32:c5:12
3	103.87456	1.30534	50:60:28:32:c6:82
3	103.87456	1.30534	50:60:28:32:c6:92
3	103.87426	1.30525	50:60:28:32:c6:c2
3	103.87426	1.30525	50:60:28:32:c6:d2
3	103.87436	1.30533	50:60:28:32:ca:c2
3	103.87436	1.30533	50:60:28:32:ca:d0
3	103.87436	1.30533	50:60:28:32:ca:d2
3	103.87361	1.304	50:60:28:32:cb:f0
3	103.87361	1.304	50:60:28:32:cb:f1
3	103.87386	1.30484	50:60:28:32:cc:01
3	103.87386	1.30484	50:60:28:32:cc:11
3	103.87461	1.30519	50:60:28:32:d5:42
3	103.87461	1.30519	50:60:28:32:d5:50
3	103.87461	1.30519	50:60:28:32:d5:51
3	103.87461	1.30519	50:60:28:32:d5:52
3	103.87411	1.30504	50:60:28:32:d7:02
3	103.87411	1.30504	50:60:28:32:d7:11
3	103.87411	1.30504	50:60:28:32:d7:12
3	103.87462	1.30529	50:60:28:32:e4:c2
3	103.87462	1.30529	50:60:28:32:e4:d2
3	103.87388	1.30496	50:60:28:32:f1:41
3	103.87388	1.30496	50:60:28:32:f1:51
3	103.87367	1.30414	50:60:28:32:f6:10
3	103.87367	1.30414	50:60:28:32:f6:11
3	103.87367	1.30414	50:60:28:32:f6:12
3	103.87354	1.30455	50:60:28:32:f8:42
3	103.87354	1.30455	50:60:28:32:f8:50
3	103.87439	1.30526	50:60:28:32:fa:a1
3	103.87439	1.30526	50:60:28:32:fa:a2
3	103.87439	1.30526	50:60:28:32:fa:b2
3	103.87372	1.30462	50:60:28:35:54:f1
3	103.8739	1.3038	50:60:28:32:79:42
3	103.8739	1.3038	50:60:28:32:79:50
3	103.8739	1.3038	50:60:28:32:79:51
3	103.8739	1.3038	50:60:28:32:79:52
3	103.87393	1.30389	50:60:28:32:f8:c2
3	103.87429	1.30385	50:60:28:32:78:e2
3	103.87429	1.30385	50:60:28:32:78:f0
3	103.87429	1.30385	50:60:28:32:78:f1
3	103.87429	1.30385	50:60:28:32:78:f2
3	103.87415	1.30377	50:60:28:32:7d:c2
3	103.87415	1.30377	50:60:28:32:7d:d2
3	103.87448	1.30395	50:60:28:32:80:e2
3	103.87448	1.30395	50:60:28:32:80:f0
3	103.87448	1.30395	50:60:28:32:80:f1
3	103.87448	1.30395	50:60:28:32:80:f2
3	103.87454	1.30385	50:60:28:32:a2:42
3	103.87454	1.30385	50:60:28:32:a2:50
3	103.87454	1.30385	50:60:28:32:a2:51
3	103.87454	1.30385	50:60:28:32:a2:52
3	103.87432	1.30378	50:60:28:32:a3:e2
3	103.87432	1.30378	50:60:28:32:a3:f0
3	103.87432	1.30378	50:60:28:32:a3:f1
3	103.87432	1.30378	50:60:28:32:a3:f2
3	103.874	1.30387	50:60:28:32:a6:e2
3	103.874	1.30387	50:60:28:32:a6:f0
3	103.874	1.30387	50:60:28:32:a6:f1
3	103.874	1.30387	50:60:28:32:a6:f2
3	103.87453	1.30387	50:60:28:32:a9:02
3	103.87453	1.30387	50:60:28:32:a9:10
3	103.87453	1.30387	50:60:28:32:a9:11
3	103.87453	1.30387	50:60:28:32:a9:12
3	103.87438	1.30389	50:60:28:32:aa:22
3	103.87438	1.30389	50:60:28:32:aa:31
3	103.87438	1.30389	50:60:28:32:aa:32
3	103.87416	1.3037	50:60:28:32:ae:02
3	103.87416	1.3037	50:60:28:32:ae:12
3	103.87445	1.30398	50:60:28:32:af:82
3	103.87445	1.30398	50:60:28:32:af:90
3	103.87445	1.30398	50:60:28:32:af:91
3	103.87445	1.30398	50:60:28:32:af:92
3	103.87376	1.30401	50:60:28:32:b0:42
3	103.87376	1.30401	50:60:28:32:b0:52
3	103.87463	1.30411	50:60:28:32:b8:62
3	103.87463	1.30411	50:60:28:32:b8:71
3	103.87463	1.30411	50:60:28:32:b8:72
3	103.87455	1.304	50:60:28:32:bb:62
3	103.87455	1.304	50:60:28:32:bb:72
3	103.87435	1.30393	50:60:28:32:bb:82
3	103.87435	1.30393	50:60:28:32:bb:91
3	103.87435	1.30393	50:60:28:32:bb:92
3	103.87435	1.30382	50:60:28:32:be:a1
3	103.87435	1.30382	50:60:28:32:be:b1
3	103.87441	1.30383	50:60:28:32:c3:c0
3	103.87441	1.30383	50:60:28:32:c3:c1
3	103.87441	1.30383	50:60:28:32:c3:c2
3	103.87441	1.30383	50:60:28:32:c3:d2
3	103.87462	1.3039	50:60:28:32:c7:22
3	103.87462	1.3039	50:60:28:32:c7:32
3	103.87399	1.30382	50:60:28:32:cb:22
3	103.87399	1.30382	50:60:28:32:cb:32
3	103.87444	1.30379	50:60:28:32:d4:62
3	103.87444	1.30379	50:60:28:32:d4:70
3	103.87444	1.30379	50:60:28:32:d4:71
3	103.87444	1.30379	50:60:28:32:d4:72
3	103.8743	1.3038	50:60:28:32:ec:e2
3	103.8743	1.3038	50:60:28:32:ec:f0
3	103.8743	1.3038	50:60:28:32:ec:f1
3	103.8743	1.3038	50:60:28:32:ec:f2
3	103.87381	1.30395	50:60:28:32:ed:a2
3	103.87381	1.30395	50:60:28:32:ed:b2
3	103.8744	1.30385	50:60:28:32:f2:42
3	103.8744	1.30385	50:60:28:32:f2:51
3	103.8744	1.30385	50:60:28:32:f2:52
3	103.87407	1.30375	50:60:28:32:f3:01
3	103.87407	1.30375	50:60:28:32:f3:10
3	103.87407	1.30375	50:60:28:32:f3:11
3	103.87406	1.3037	50:60:28:32:f3:62
3	103.87406	1.3037	50:60:28:32:f3:72
3	103.87461	1.30392	50:60:28:32:f3:c2
3	103.87461	1.30392	50:60:28:32:f3:d0
3	103.87461	1.30392	50:60:28:32:f3:d1
3	103.87461	1.30392	50:60:28:32:f3:d2
3	103.87414	1.30382	50:60:28:32:f4:e0
3	103.87414	1.30382	50:60:28:32:f4:e1
3	103.87414	1.30382	50:60:28:32:f4:e2
3	103.87414	1.30382	50:60:28:32:f4:f2
3	103.87415	1.30372	50:60:28:32:f5:60
3	103.87408	1.30386	50:60:28:32:f5:82
3	103.87408	1.30386	50:60:28:32:f5:90
3	103.87408	1.30386	50:60:28:32:f5:91
3	103.87408	1.30386	50:60:28:32:f5:92
3	103.87381	1.30382	50:60:28:32:f5:e2
3	103.87381	1.30382	50:60:28:32:f5:f0
3	103.87381	1.30382	50:60:28:32:f5:f1
3	103.87381	1.30382	50:60:28:32:f5:f2
3	103.87373	1.30385	50:60:28:32:f6:22
3	103.87373	1.30385	50:60:28:32:f6:32
3	103.87432	1.30386	50:60:28:32:f6:42
3	103.87432	1.30386	50:60:28:32:f6:51
3	103.87432	1.30386	50:60:28:32:f6:52
3	103.87453	1.30404	50:60:28:32:f6:a1
3	103.87453	1.30404	50:60:28:32:f6:a2
3	103.87453	1.30404	50:60:28:32:f6:b2
3	103.87415	1.30374	50:60:28:32:f6:e2
3	103.87415	1.30374	50:60:28:32:f6:f2
3	103.87413	1.30386	50:60:28:32:f7:42
3	103.87413	1.30386	50:60:28:32:f7:50
3	103.87413	1.30386	50:60:28:32:f7:51
3	103.87413	1.30386	50:60:28:32:f7:52
3	103.87471	1.30417	50:60:28:32:f7:f0
3	103.87437	1.30378	50:60:28:32:f8:22
3	103.87437	1.30378	50:60:28:32:f8:30
3	103.87437	1.30378	50:60:28:32:f8:31
3	103.87437	1.30378	50:60:28:32:f8:32
3	103.87378	1.30392	50:60:28:32:fa:02
3	103.87378	1.30392	50:60:28:32:fa:10
3	103.87378	1.30392	50:60:28:32:fa:11
3	103.87378	1.30392	50:60:28:32:fa:12
3	103.87471	1.30403	50:60:28:32:fa:62
3	103.87471	1.30403	50:60:28:32:fa:71
3	103.87471	1.30403	50:60:28:32:fa:72
3	103.87473	1.30401	50:60:28:32:fa:e2
3	103.87473	1.30401	50:60:28:32:fa:f0
3	103.87473	1.30401	50:60:28:32:fa:f1
3	103.87473	1.30401	50:60:28:32:fa:f2
3	103.87426	1.30389	50:60:28:32:fb:42
3	103.87426	1.30389	50:60:28:32:fb:50
3	103.87426	1.30389	50:60:28:32:fb:51
3	103.87426	1.30389	50:60:28:32:fb:52
3	103.87465	1.30407	50:60:28:32:fb:62
3	103.87465	1.30407	50:60:28:32:fb:71
3	103.87465	1.30407	50:60:28:32:fb:72
3	103.8747	1.30405	50:60:28:32:fc:02
3	103.8747	1.30405	50:60:28:32:fc:10
3	103.8747	1.30405	50:60:28:32:fc:11
3	103.8747	1.30405	50:60:28:32:fc:12
3	103.87451	1.30389	50:60:28:32:fc:42
3	103.87451	1.30389	50:60:28:32:fc:50
3	103.87451	1.30389	50:60:28:32:fc:51
3	103.87451	1.30389	50:60:28:32:fc:52
3	103.87371	1.30384	50:60:28:35:08:42
3	103.87371	1.30384	50:60:28:35:08:50
3	103.87371	1.30384	50:60:28:35:08:51
3	103.87371	1.30384	50:60:28:35:08:52
3	103.8743	1.30391	50:60:28:35:17:62
3	103.8743	1.30391	50:60:28:35:17:72
3	103.87446	1.30386	50:60:28:35:1c:22
3	103.87446	1.30386	50:60:28:35:1c:30
3	103.87446	1.30386	50:60:28:35:1c:31
3	103.87446	1.30386	50:60:28:35:1c:32
