BWL-S130-F27 -1 103.874488 1.305004 3 103.87468 1.30519
BWL-S130-Z26 -1 103.874423 1.304985 3 103.87472 1.30532
BWL-S131-M06 -1 103.874386 1.304917 3 103.87462 1.30524
BWL-S127-Z09 -1 103.874426 1.304979 3 103.87496 1.3052
BWL-S128-M28 -1 103.874483 1.304856 3 103.87484 1.30517
BWL-S123-T15 -1 103.874524 1.304968 3 103.87512 1.30491
BWL-S123-F06 -1 103.874453 1.304817 3 103.87504 1.30485
BWL-S120-Z26 -1 103.874608 1.304897 3 103.87519 1.30459
BWL-S121-F06 -1 103.874472 1.304863 3 103.87506 1.3047
BWL-S408-F35 3 103.874223 1.304382 4 103.87428 1.30359
BWL-S405-F10 4 103.874181 1.304275 4 103.87396 1.30359
BWL-S413-F10 3 103.874359 1.304589 4 103.87482 1.3039
NST-L4-06-L4-AP01 3 103.873998 1.304367 4 103.87402 1.30345
NST-L4-06-L4-AP05 4 103.874844 1.303868 4 103.87489 1.30386
NST-L4-06-L4-AP02 5 103.874144 1.303977 4 103.87428 1.30343
NST-L4-05-L4-AP05 4 103.874879 1.304339 4 103.87532 1.30426
NST-L4-06-L4-AP04 4 103.874548 1.30372 4 103.87467 1.30369
NST-L4-05-L4-AP06 4 103.875107 1.304448 4 103.87547 1.30437
NST-L3-04-L3-AP07 3 103.875043 1.303709 3 103.87513 1.30358
NST-L3-03-L3-AP12 4 103.87514 1.303847 3 103.87505 1.30366
NST-L3-04-L3-AP09 3 103.874752 1.303538 3 103.87439 1.30329
NST-L3-03-L3-AP11 3 103.875308 1.303959 3 103.87539 1.30388
NST-L3-04-L3-AP11 3 103.874216 1.304233 3 103.87367 1.30348
NST-L3-01-L3-AP07 4 103.874251 1.304548 3 103.87344 1.30375
NST-L3-01-L3-AP09 3 103.873705 1.304477 3 103.87314 1.30438
NST-L3-01-L3-AP11 3 103.873324 1.304779 3 103.87336 1.30513
NST-L3-02-L3-AP08 3 103.874108 1.305551 3 103.87398 1.3056
NST-L3-02-L3-AP10 4 103.874624 1.305379 3 103.87475 1.30569
NST-L3-02-L3-AP12 4 103.874662 1.30522 3 103.87534 1.30532
NST-L3-03-L3-AP08 4 103.875096 1.305038 3 103.87554 1.305
BWL-S142-W32 -1 103.873811 1.304551 3 103.87363 1.30471
NST-L3-03-L3-AP05 -1 103.874769 1.304717 3 103.87529 1.3042
BWL-S140-M28 -1 103.873841 1.304547 3 103.87386 1.30484
BWL-S139-M07 -1 103.873841 1.30456 3 103.87393 1.3049
NST-L3-03-L3-AP01 -1 103.874727 1.304948 3 103.87533 1.30515
BWL-S137-T08 -1 103.873938 1.304702 3 103.87408 1.30509
BWL-S135-T04 -1 103.874037 1.304833 3 103.8743 1.30522
NST-L3-02-L3-AP04 -1 103.874488 1.305434 3 103.87445 1.30556
BWL-S134-CC25 -1 103.874173 1.304954 3 103.87436 1.30533
NST-L3-02-L3-AP01 -1 103.874383 1.304892 3 103.8739 1.30525
NST-L3-01-L3-AP13 -1 103.873938 1.305228 3 103.87371 1.30532
NST-L2-MCR-01-L2-AP04 -1 103.873667 1.30539 2 103.87402 1.30536
NST-L2-MCR-01-L1-AP03 -1 103.873669 1.305375 1 103.87367 1.30537
BWL-S117-W16 -1 103.874539 1.304857 3 103.87508 1.30439
BWL-S119-F02 -1 103.874443 1.304733 3 103.87503 1.30454
BWL-S115-F08 -1 103.874396 1.304527 3 103.87481 1.30427
BWL-S114-W27 -1 103.87427 1.304497 3 103.87478 1.30409
BWL-S113-F06 -1 103.874282 1.304485 3 103.87463 1.30411
BWL-S110-F28 -1 103.874154 1.304261 3 103.87435 1.30393
BWL-S111-W08 -1 103.874217 1.304301 3 103.87451 1.30389
BWL-S107-T15 -1 103.8742 1.304304 3 103.87419 1.30377
BWL-S106-CC28 -1 103.874167 1.304274 3 103.87406 1.3037
BWL-S105-T06 -1 103.874099 1.304285 3 103.87397 1.30377
NST-L3-04-L3-AP04 -1 103.87419 1.304004 3 103.8743 1.30347
BWL-S101-F07 -1 103.873971 1.304279 3 103.87376 1.30401
BWL-S150-F26 -1 103.873996 1.304384 3 103.8737 1.30408
BWL-S148-M27 -1 103.874026 1.30437 3 103.8736 1.3042
NST-L3-04-L3-AP01 -1 103.874539 1.304363 3 103.87486 1.30378
BWL-S146-T26 -1 103.873941 1.304387 3 103.87354 1.30438
NST-L4-02-L4-AP05 4 103.873807 1.305194 4 103.87384 1.30518
NST-L4-01-L4-AP04 4 103.873711 1.305121 4 103.87361 1.30499
NST-L4-02-L4-AP03 4 103.874142 1.305262 4 103.87432 1.30549
NST-L4-01-L4-AP03 4 103.873554 1.304878 4 103.87343 1.30478
NST-L4-02-L4-AP02 4 103.874415 1.30538 4 103.87466 1.30561
BWL-S445-F10 3 103.873975 1.304609 4 103.87334 1.30449
BWL-S431-F11 3 103.874449 1.305063 4 103.87463 1.30549
BWL-S441-F10 3 103.874021 1.304664 4 103.87359 1.3049
BWL-S430-K38 3 103.874287 1.305002 4 103.87477 1.30549
BWL-S428-K35 3 103.874383 1.30501 4 103.875 1.3054
BWL-S426-K36 3 103.874446 1.304896 4 103.87516 1.30525
BWL-S436-B38 3 103.874312 1.304935 4 103.87409 1.30528
BWL-S424-S33 4 103.87462 1.304886 4 103.87537 1.30503
BWL-S433-F10 3 103.874348 1.304924 4 103.8744 1.30547
BWL-S422-K36 3 103.874637 1.304813 4 103.87538 1.30479
BWL-S420-F35 3 103.874615 1.304815 4 103.87533 1.30456
BWL-S418-F36 4 103.874582 1.304746 4 103.87526 1.30435
BWL-S412-F35 3 103.874325 1.304396 4 103.87471 1.30381
BWL-S416-F36 3 103.874494 1.304668 4 103.8751 1.30414
BWL-S415-K10 3 103.87447 1.304591 4 103.87504 1.30405
